# Stellarator field line 1
# X[m] Y[m] Z[m]
1.15 0.0 0.0
1.1498286218089295 0.019852971288387512 0.002412544297531118
1.1495126167932668 0.03970675993504366 0.004789407911063203
1.1490549135476509 0.059560404989109375 0.007129628839241965
1.1484577704102266 0.07941301858788914 0.009432011774362039
1.1477226100662754 0.09926382655032101 0.011694538377013125
1.146849890688901 0.11911218976086774 0.013913857058323528
1.1458390105279823 0.13895760655775494 0.016084856413032506
1.144688242705995 0.15879969561194363 0.018200322695233036
1.1433946974669091 0.17863815794436338 0.020250679797901072
1.1419543097944818 0.19847271604690558 0.022223809757377307
1.1403618508677114 0.2183030277333177 0.024104952577202323
1.13861096208655 0.23812857248040836 0.0258766859508538
1.1366942102955677 0.2579485087335266 0.027518988103807214
1.1346031622977628 0.27776150204621913 0.029009390289014926
1.1323284757032939 0.2975655261099551 0.030323229148077065
1.129860001470994 0.31735764179816195 0.031434012647138174
1.127186891016422 0.33713376331661865 0.03231391572081504
1.124297697362283 0.35688842525083014 0.032934421804393335
1.1211804555621372 0.37661456921865766 0.03326712241782049
1.1178227230037956 0.3963033729510356 0.033284677044770436
1.1142115563216293 0.4159441463171714 0.03296191826292699
1.1103334005019108 0.4355243160228959 0.03227706222478967
1.1061738701349446 0.4550295115112899 0.031212954329922476
1.101717415655102 0.4744437482509409 0.0297582497042541
1.0969468907607456 0.49374968290839083 0.027908406520982223
1.091843070087056 0.5129288931024387 0.02566636717444245
1.086384203164027 0.5319621206676514 0.023042825262846203
1.0805457215201255 0.5508294200119226 0.020056025638696656
1.0743002277491278 0.5695101766880352 0.016731111160729468
1.0676178777825363 0.587983002511742 0.013099095997359412
1.0604672171528944 0.6062255609992024 0.00919559266208678
1.0528164557785504 0.6242144145262795 0.0050594363826159915
1.0446350803170676 0.6419249982347547 0.0007313358105954862
1.0358956296281783 0.6593318088813085 -0.00374735564768882
1.0265754165612888 0.6764088533993509 -0.008335692861019407
1.0166579794892203 0.6931303444810295 -0.012993992448530192
1.0061340899703146 0.7094715756478931 -0.017684480631687715
0.9950022177558971 0.7254098711609549 -0.0223717364096339
0.9832684424013682 0.7409254954670099 -0.02702293349849169
0.970945881272527 0.7560024227355246 -0.03160788821001236
0.9580537602969318 0.7706289016626495 -0.03609892789561709
0.9446162785924118 0.7847977921943787 -0.040470604763349176
0.9306614128292126 0.7985066876684929 -0.04469929000054416
0.9162197804749602 0.8117578605381168 -0.048762690641072914
0.9013236441271224 0.8245580798908044 -0.0526393354052593
0.8860061017871088 0.8369183462039207 -0.05630807630881815
0.8703004764468567 0.848853577229377 -0.05974765162779648
0.8542398951361311 0.8603822630372843 -0.06293635433450886
0.837857032036216 0.8715260918270412 -0.06585184924558192
0.8211839801954818 0.8823095338971968 -0.06847118160137733
0.8042522092227227 0.892759361158433 -0.07077101806566168
0.7870925601962472 0.9029040754369757 -0.0727281553391949
0.7697352234960538 0.9127732221060748 -0.07432031791966139
0.752209641971228 0.9223965775895081 -0.0755272411893282
0.7345442845760314 0.9318032203262198 -0.07633199685360562
0.7167662494552247 0.9410205231147614 -0.07672246681238643
0.6989006846412794 0.9500731355141557 -0.07669281726548043
0.6809700588974407 0.9589820501651238 -0.07624478243972022
0.6629933671222672 0.9677638571966756 -0.07538855518969538
0.6449853987100002 0.9764302793820465 -0.07414311370979966
0.6269562150910659 0.9849880469339156 -0.0725358901077291
0.608910962187429 0.9934391224438457 -0.07060179054522193
0.5908500864236637 1.0017812367473182 -0.06838167875565367
0.5727699457211354 1.0100086585395232 -0.06592050642585712
0.5546637334129728 1.0181131017965543 -0.06326530006543353
0.5365225835462863 1.0260846752655326 -0.06046319749931945
0.5183367098268856 1.0339127918195075 -0.05755968371890082
0.5000964449887948 1.0415869752695412 -0.054597124047343744
0.481793082708705 1.0490975229751227 -0.05161364578468052
0.463419468434196 1.0564360016900465 -0.04864238326074553
0.4449703284951431 1.0635955708413498 -0.04571107516036024
0.4264423616983732 1.0705711417887251 -0.042841984310066625
0.40783414068094026 1.0773593932153593 -0.04005209643917059
0.3891458809218764 1.0839586709545121 -0.03735354485561819
0.3703791350460695 1.0903688046020261 -0.03475420277790404
0.3515364619256233 1.0965908730805856 -0.03225838472268403
0.3326211076890259 1.1026269475347765 -0.029867602765165726
0.3136367223994308 1.1084798337794264 -0.027581331707562846
0.29458712430045286 1.1141528294573422 -0.02539774761651207
0.2754761144974588 1.1196495043767658 -0.023314415063354375
0.2563073391052885 1.1249735070567686 -0.021328908235252696
0.2370841929234001 1.1301283966772906 -0.0194393589197443
0.21780975791910287 1.1351174973592384 -0.01764492980583921
0.19848677044989144 1.139943770670863 -0.0159462146532838
0.17911761256116115 1.1446097020353008 -0.014345568005843145
0.15970432433154547 1.1491171968658906 -0.012847366733499255
0.1402486357352683 1.1534674824146638 -0.01145820425265242
0.12075201760509618 1.1576610112195715 -0.01018701619905056
0.10121575185503416 1.1616973615201258 -0.009045133942223275
0.081641021062311 1.1655751290294163 -0.00804625990424483
0.062029016762793376 1.169291803063168 -0.007206356447063789
0.04238106438525891 1.1728436184171454 -0.006543438449853434
0.022698760724058548 1.1762253728875078 -0.006077259062633461
0.0029841174493096035 1.1794301994693785 -0.005828879104077804
-0.016760298195526428 1.1824492827963426 -0.005820113907486172
-0.036531235974991236 1.1852715122701147 -0.006072857840852782
-0.05632465894321158 1.1878830706793904 -0.006608296689736732
-0.07613567111553204 1.1902669679146796 -0.0074460313795494774
-0.09595847803750071 1.1924025451029192 -0.008603151824909635
-0.11578637219275312 1.1942649944287427 -0.010093314420447806
-0.13561172377760836 1.19582496168158 -0.011925887186237502
-0.15542594745640673 1.1970483178046154 -0.014105229131723261
-0.17521941204355754 1.197896196515715 -0.01663016272106605
-0.1949812673052954 1.1983253912472798 -0.019493680993355536
-0.2146991825397336 1.1982891816690817 -0.022682907761137457
-0.23435902305436787 1.1977386168999 -0.026179306211969688
-0.2539445256253155 1.1966242228714377 -0.029959113361901275
-0.27343706129814815 1.1948980336541808 -0.033993967157812235
-0.2928155822603628 1.192515783135045 -0.03825168760815594
-0.3120568322430979 1.1894390482902943 -0.042697168813369345
-0.3311358581837753 1.185637121243917 -0.047293331690198254
-0.3500268045310733 1.1810884120022047 -0.052002077593339434
-0.36870391627307475 1.1757812458955545 -0.05678517492329275
-0.387142638447611 1.169714007462156 -0.06160500989508695
-0.4053206886402839 1.1628946758696477 -0.06642514296764729
-0.423218995379558 1.1553398745044543 -0.07121063388087663
-0.4408224310894593 1.147073603497586 -0.07592812647939805
-0.4581203104410913 1.1381258337787197 -0.080545713121609
-0.47510666144861474 1.128531120324775 -0.0850326219023023
-0.49178030000584944 1.1183273524704265 -0.08935878535735607
-0.5081447468875343 1.1075547132390358 -0.0934943570626805
-0.5242080219814755 1.0962548772322114 -0.0974092449644056
-0.5399823382559303 1.0844704425278844 -0.10107273033328669
-0.5554837026338906 1.0722445668597678 -0.10445324109948481
-0.5707314169141108 1.059620759980596 -0.10751834847990843
-0.5857474627989199 1.0466427695867482 -0.11023505454010156
-0.6005557540345545 1.0333544853690348 -0.11257043155447531
-0.6151812480670825 1.019799774797874 -0.11449265567544231
-0.6296489305655404 1.0060221586571123 -0.11597244083575527
-0.6439827170613833 0.9920642411642568 -0.1169848197160444
-0.6582043509287205 0.9779668376529931 -0.11751113966516764
-0.6723324053648848 0.9637677985063492 -0.11754105676600596
-0.6863815058296341 0.949500608318832 -0.11707424718761257
-0.7003618686561242 0.935192926655316 -0.11612154322930111
-0.7142792014787654 0.9208653011276795 -0.11470526363614297
-0.7281349453847127 0.906530294134899 -0.11285863887656612
-0.7419267797972691 0.8921922078837187 -0.11062439569153865
-0.7556492792165633 0.8778474826204987 -0.10805270789650441
-0.7692946134326304 0.8634857172083726 -0.10519879838572138
-0.7828532118633308 0.84909115932479 -0.10212047729712541
-0.7963143517790872 0.8346444588472614 -0.09887584191176625
-0.8096666638027131 0.8201244742022025 -0.09552127970775715
-0.822898567757755 0.8055099534510831 -0.09210983844974657
-0.8359986570286523 0.7907809612389143 -0.08868997324646455
-0.8489560444438868 0.7759199750446752 -0.08530465214396585
-0.8617606732397797 0.7609126215285809 -0.08199079178855746
-0.8744035880184525 0.7457480630248009 -0.07877899322413372
-0.886877155904537 0.7304190743467616 -0.07569354736082702
-0.8991752282545801 0.7149218704713302 -0.07275267647461522
-0.9112932373868822 0.6992557559596099 -0.0699689724026895
-0.9232282289133198 0.6834226674883455 -0.06734998620857047
-0.9349788362003307 0.667426673128239 -0.06489892071368122
-0.9465452076126657 0.651273478649586 -0.06261537817718475
-0.9579288987421821 0.6349699753163771 -0.06049612079122715
-0.9691327409136871 0.618523848248423 -0.058535810463645595
-0.9801606945981884 0.6019432515506427 -0.05672770479878196
-0.9910176928714501 0.5852365470437481 -0.055064296430009776
-1.0017094765603716 0.5684120976742361 -0.05353789149222031
-1.0122424197913484 0.5514781040190114 -0.05214112923575866
-1.022623342572052 0.5344424719452402 -0.05086744832415716
-1.0328593058381532 0.5173127006398575 -0.04971150638602315
-1.042957383956269 0.5000957822184109 -0.04866955830556759
-1.052924409789138 0.4827981064735344 -0.04773979603922161
-1.0627666878762891 0.4654253667105604 -0.0469226489607824
-1.072489671872812 0.44798246484893883 -0.046221039370493246
-1.0820976030056195 0.4304734159338685 -0.04564058333463487
-1.091593106953803 0.4129012538486851 -0.04518972291189621
-1.1009767473974945 0.39526794133992443 -0.04487977252166884
-1.1102465358512563 0.3775742885224355 -0.044724860168809624
-1.1193973998244222 0.3598198849708923 -0.044741743918485365
-1.128420615471746 0.34200305158606137 -0.04494948587680842
-1.1373032173404916 0.3241208200033381 -0.045368970415657274
-1.1460274069924936 0.30616894975357617 -0.04602226081721552
-1.1545699941104262 0.28814199689517034 -0.046931798995366855
-1.1629019173828716 0.2700334521855433 -0.04811946613574662
-1.170987906307291 0.2518359710918975 -0.04960553704054373
-1.1787863564881103 0.2335417201577373 -0.051407576078552515
-1.1862494968462214 0.21514286168738636 -0.053539335876910225
-1.1933239240005211 0.19663218834238963 -0.05600972916714423
-1.1999515638451164 0.1780038988694879 -0.05882194790384725
-1.2060710908120655 0.15925447598246353 -0.06197280105323652
-1.2116197908659994 0.14038359134348377 -0.06545233303451084
-1.216535797023303 0.12139492880578279 -0.06924376850443154
-1.2207605623711362 0.1022967967555154 -0.07332380557817564
-1.2242413765638163 0.08310240442078748 -0.07766324850765269
-1.226933693178793 0.06382971135057551 -0.08222793382049752
-1.2288030327799067 0.04450082069941562 -0.08697986571434861
-1.2298262690355384 0.025140961962663633 -0.09187844519418363
-1.2299921888378786 0.005777177223852044 -0.09688166216176616
-1.2293013238782284 -0.013563132335446605 -0.10194712656109037
-1.2277651538315921 -0.03285363610907281 -0.10703284352529129
-1.2254048553318848 -0.05207034287917521 -0.11209768122993541
-1.222249802588682 -0.07119261865575516 -0.11710152797319173
-1.2183360155941778 -0.09020391419091207 -0.12200517671751604
-1.2137047122176146 -0.10909220385937334 -0.1267700049887219
-1.2084010669701042 -0.12785016208302197 -0.13135753485600657
-1.2024732254526243 -0.14647511126560722 -0.13572896477217555
-1.1959715775186368 -0.1649687706282204 -0.13984476687790467
-1.18894825633979 -0.18333682464164555 -0.14366444376445778
-1.1814568033147475 -0.2015883193290653 -0.1471465391368272
-1.1735519171337487 -0.219734890269746 -0.15024899558919635
-1.1652891873050983 -0.2377898322883871 -0.15292994445354027
-1.1567246991056828 -0.2557670403777189 -0.15514898885354472
-1.1479143937268448 -0.2736798838374037 -0.1568689918750266
-1.138913084169851 -0.29154011482294884 -0.15805830059319842
-1.1297730752584996 -0.3093569452994102 -0.15869322744971662
-1.1205424202405885 -0.32713643424842087 -0.15876049467576198
-1.1112629570826513 -0.3448812932832825 -0.15825926530570733
-1.1019683747110278 -0.36259114054022235 -0.1572023824386549
-1.0926826198244004 -0.38026312914498744 -0.15561654433762592
-1.0834189331186226 -0.39789278564913166 -0.15354134028848865
-1.0741796963662922 -0.41547485343160184 -0.1510272978842128
-1.064957114674198 -0.4330039615066259 -0.14813326612717867
-1.0557346083498669 -0.4504750147247239 -0.14492352590314908
-1.0464886928337067 -0.4678832919894451 -0.1414649770400318
-1.037191098534132 -0.4852243119034261 -0.13782463991203292
-1.0278109106217108 -0.5024935638320829 -0.1340675836786256
-1.0183165639126812 -0.5196862077540318 -0.13025529348215628
-1.0086775852806364 -0.5367968289897038 -0.12644443180484705
-0.9988660224189537 -0.5538193057085585 -0.12268593122964999
-0.988857530934306 -0.5707468166836507 -0.11902436346622472
-0.9786321154016111 -0.5875719892294039 -0.11549754755704351
-0.9681745389320922 -0.6042871654337774 -0.11213637691062699
-0.9574744327884499 -0.6208847502497049 -0.10896485365618773
-0.9465261526195607 -0.6373575984137173 -0.10600031829597786
-0.9353284390525664 -0.6536993981140983 -0.10325385511862065
-0.9238839454328429 -0.6699050162346799 -0.100730843713629
-0.9121986933181081 -0.6859707803162178 -0.09843161865973593
-0.9002815075378211 -0.7018946832971864 -0.09635219610361978
-0.8881434693398238 -0.717676506299909 -0.09448502848014718
-0.8757974111514154 -0.7333178608996225 -0.09281975613575055
-0.8632574623585006 -0.7488221552469327 -0.09134393502703642
-0.8505386440410848 -0.7641944887675405 -0.0900437305943237
-0.8376565026368807 -0.7794414790514943 -0.08890457731284698
-0.8246267680993937 -0.7945710231388446 -0.08791180991987427
-0.8114650208658155 -0.8095919946522283 -0.08705127521808467
-0.7981863532693263 -0.8245138786767784 -0.08630993256516417
-0.7848050143439304 -0.8393463480592125 -0.08567644702716316
-0.7713340317705684 -0.8540987875795012 -0.08514177239993306
-0.7577848105272658 -0.8687797755783374 -0.08469971288450404
-0.7441667141151158 -0.8833965352357832 -0.08434744337520386
-0.730486640415479 -0.8979543689415432 -0.08408596045917328
-0.7167486095875258 -0.9124560885159234 -0.08392043066535528
-0.7029533852729157 -0.9269014514250882 -0.08386040028574318
-0.6890981523107427 -0.9412866092849033 -0.08391983274678884
-0.6751762742016412 -0.9556035712340436 -0.08411694491878423
-0.6611771522560955 -0.9698396829536204 -0.08447382223325742
-0.6470862067066013 -0.9839771239586114 -0.08501580305323661
-0.6328849991259171 -0.9979924325059215 -0.08577063449922406
-0.6185515159180938 -1.0118560793536442 -0.08676741434055155
-0.60406063413295 -1.0255321278175147 -0.08803534655603616
-0.5893847917929561 -1.0389780360587553 -0.08960235199909217
-0.5744948823801935 -1.0521446751227657 -0.09149359046990864
-0.559361383294334 -1.0649766487189871 -0.0937299661170899
-0.5439557072897853 -1.077413003005343 -0.09632670330881642
-0.5282517322318994 -1.0893884011632753 -0.09929209262100128
-0.5122274198575937 -1.1008348033240993 -0.10262651279458485
-0.4958663859745168 -1.1116836350405812 -0.1063218297287137
-0.4791592458592652 -1.1218683502316238 -0.11036125289778709
-0.4621045459343761 -1.1313272091423041 -0.11471968983008649
-0.44470911988633866 -1.140006019072446 -0.1193645818251555
-0.42698777773792657 -1.1478605504719614 -0.1242571371888759
-0.4089623379577968 -1.154858363009437 -0.1293538168695134
-0.3906601194325167 -1.1609798584569238 -0.13460788877919674
-0.37211209159364833 -1.1662185012568476 -0.1399708637389472
-0.3533509155142782 -1.1705802792243991 -0.14539365939909768
-0.3344090924851752 -1.1740825803299026 -0.15082739826574465
-0.31531738299973655 -1.1767527143532723 -0.1562238147990124
-0.2961035907136046 -1.1786263074977614 -0.16153530792385173
-0.27679174369469595 -1.1797457569475696 -0.16671471936458634
-0.2574016615825814 -1.1801588707380766 -0.17171494335755438
-0.23794887482221858 -1.179917753908709 -0.17648848389914204
-0.21844485642394373 -1.179077945602459 -0.18098707838968126
-0.1988975296529927 -1.1776977672958677 -0.1851615068479107
-0.1793120178486515 -1.1758378086712422 -0.1889617059182957
-0.15969159735796773 -1.1735604522604766 -0.19233730415327682
-0.1400387957194567 -1.17092931991391 -0.19523868191274668
-0.12035654317218228 -1.168008516242414 -0.19761862376084952
-0.10064924155005794 -1.1648615541280678 -0.1994345604858251
-0.08092357549462667 -1.161549886103616 -0.20065128499383356
-0.061188880770072736 -1.158131041386699 -0.2012438813666714
-0.04145692898720824 -1.1546564783281064 -0.2012004654006491
-0.021741098403668935 -1.1511693821196995 -0.2005242573555027
-0.0020550560799598304 -1.1477027242757634 -0.1992345524607401
0.01758877719801138 -1.1442779081246344 -0.197366341478924
0.03718063617927982 -1.140904234392284 -0.1949686144621952
0.05671439006458465 -1.1375792592540683 -0.19210165392529538
0.07618791692787297 -1.1342899452464594 -0.18883378774143475
0.09560286189374921 -1.1310143846255638 -0.185238082915169
0.11496389906073645 -1.1277238343906226 -0.18138934727494543
0.1342776851907992 -1.1243848320087002 -0.17736163750400563
0.1535517000112586 -1.1209612276506944 -0.1732263167250166
0.17279313641202887 -1.1174160387325112 -0.16905060131541058
0.19200795829798012 -1.113713085020789 -0.16489649137895926
0.21120019998613096 -1.109818391679003 -0.16081997951552046
0.23037154449474892 -1.1057013577246537 -0.1568704590982465
0.24952118837457457 -1.1013356870278808 -0.1530902887826648
0.26864597565521103 -1.0967000766457546 -0.14951450179364525
0.2877407619058203 -1.0917786587379728 -0.14617066921336921
0.3067989521559664 -1.0865611996941604 -0.14307893335540395
0.3258131454845862 -1.0810430721483337 -0.1402522217845325
0.34477581616909747 -1.0752250287428975 -0.13769663906151897
0.3636799665691879 -1.069112816773513 -0.13541201767184355
0.3825196986746261 -1.0627166772211203 -0.1333925971788506
0.4012906664322151 -1.0560507692129295 -0.13162779479648687
0.4199903863544821 -1.0491325527583497 -0.13010303207545212
0.43861839713119755 -1.0419821511358807 -0.1288005897275298
0.457176269023754 -1.0346217024036173 -0.1277004729193455
0.47566747101319523 -1.0270746996043099 -0.12678127950587173
0.4940971090416827 -1.019365312960646 -0.12602107102246277
0.5124715533693399 -1.0115176854647172 -0.12539824913579495
0.5307979777218054 -1.0035551957684512 -0.1248924380627369
0.5490838373884194 -0.9954996885780719 -0.12448536662765393
0.5673363167946336 -0.9873706817030362 -0.12416173349425914
0.5855617778525233 -0.9791845688659411 -0.12391002777895824
0.6037652371781199 -0.9709538463249018 -0.123723267266618
0.6219498923625925 -0.9626863972135187 -0.12359961027832243
0.6401167054655179 -0.9543848686550229 -0.12354279664740093
0.6582640377433838 -0.9460461726228914 -0.12356237871504835
0.6763873163518671 -0.9376611331600875 -0.12367371368353304
0.6944787046183754 -0.9292142923426718 -0.12389770171850742
0.7125267450590838 -0.9206838785403694 -0.12426026704480415
0.730515949921937 -0.9120419362076043 -0.12479158963072691
0.7484263275993216 -0.9032546185902559 -0.12552510195485886
0.7662328536407595 -0.8942826534208987 -0.12649626953205426
0.783904920577427 -0.8850820047894185 -0.1277411775243476
0.8014058292472734 -0.8756047677420047 -0.1292949518423676
0.8186924130913592 -0.8658003399287882 -0.1311900545189062
0.8357149120365341 -0.8556169099549967 -0.13345451162536953
0.8524172280972729 -0.8450032784198422 -0.13611015739021082
0.8687376923792735 -0.8339109807908158 -0.13917100724076975
0.8846104431652971 -0.822296612644207 -0.14264189825446102
0.8999674497909671 -0.8101241776728965 -0.1465175474271619
0.9147411175240774 -0.7973672078320954 -0.1507821642115339
0.9288672888959454 -0.784010370718677 -0.1554097050740264
0.9422883466729317 -0.7700503067231436 -0.16036477494634063
0.9549560610766112 -0.7554955362489869 -0.1656040780193299
0.9668338393891751 -0.7403654276151719 -0.1710782253829674
0.9778981348408169 -0.7246883775006255 -0.17673364933277722
0.9881389266489515 -0.7084994792632143 -0.1825143725415357
0.9975593458235039 -0.6918380067958553 -0.1883634332853003
1.006174644553068 -0.6747450185124241 -0.19422385533786646
1.0140107643613088 -0.6572613098108453 -0.20003914509486895
1.021102750538295 -0.6394258467143658 -0.20575337610735686
1.0274932074600225 -0.6212747274890147 -0.2113109719583915
1.0332309166734353 -0.6028406584677416 -0.21665632375814442
1.0383696673134806 -0.5841528967990544 -0.2217333868212823
1.042967287623602 -0.5652375988412256 -0.22648540172826154
1.0470848202479919 -0.5461185069782228 -0.23085488411177835
1.05078575157156 -0.5268178982796796 -0.2347840256451612
1.0541351855244827 -0.5073576968398553 -0.23821563961645328
1.0571988465329212 -0.48776061417743055 -0.2410947554057477
1.0600418102766593 -0.4680511337674146 -0.2433709004638399
1.0627269027499546 -0.44825611390700154 -0.2450009924522387
1.065312783339363 -0.42840477761671136 -0.24595260018261444
1.0678518306649358 -0.40852792299566126 -0.24620715204635138
1.070388056576147 -0.3886563392852932 -0.2457625412976645
1.0729553428074616 -0.3688186277322741 -0.24463457914617898
1.0755762856500701 -0.34903882765235744 -0.24285692570094933
1.0782618334238818 -0.3293343432972827 -0.24047945139464905
1.0810117404668738 -0.30971460176037746 -0.23756533155221662
1.083815702299947 -0.29018067209325715 -0.234187416564622
1.086654937786136 -0.27072583226983776 -0.23042447127455967
1.089503968234194 -0.2513368805578 -0.2263577573514341
1.0923323937129008 -0.23199590071412288 -0.222068225928421
1.0951065465043612 -0.21268219792832105 -0.21763438566845972
1.0977909767965732 -0.1933741839523273 -0.21313076947153917
1.1003497774620712 -0.17405106375861285 -0.20862685469905637
1.1027477788392623 -0.1546942369942426 -0.20418628346426018
1.10495164550277 -0.1352883679575875 -0.1998662586384539
1.1069308931790507 -0.11582210191593877 -0.19571703719091849
1.108658823582525 -0.09628842172934096 -0.19178149030854302
1.1101133552790563 -0.07668465446601812 -0.18809473956495523
1.1112777152834217 -0.05701215682993419 -0.18468390432427692
1.1121409522331687 -0.03727573025472292 -0.181568005077976
1.112698238125818 -0.017482837560965102 -0.17875806145245787
1.1129509394319073 0.00235729202479026 -0.1762574063449247
1.1129064556014976 0.02223457796432031 -0.17406221539361622
1.1125778388167282 0.042138938808797335 -0.1721622304511285
1.1119832197368666 0.062061009499431 -0.17054164192446142
1.1111450685808877 0.08199267946313511 -0.16918008982838137
1.110089320146508 0.1019274294063392 -0.16805374614911184
1.1088443877993537 0.12186046710868384 -0.16713644846024292
1.1074400880812383 0.1417886813853412 -0.16640086274376303
1.1059064968331749 0.16171044792173597 -0.16581965865137457
1.1042727608131686 0.18162533055454874 -0.16536668098621324
1.1025658953591917 0.20153372634750094 -0.16501809673414633
1.1008096068419624 0.22143650181616334 -0.16475348896663045
1.0990231855116692 0.24133466032555972 -0.1645568601052546
1.097220516605396 0.2612290672070113 -0.1644175006680988
1.0954092527622084 0.2811202410310723 -0.16433067856122122
1.0935901782561523 0.3010081996546005 -0.16429810964377692
1.0917567771335692 0.32089233187040705 -0.16432818200787452
1.0898949970925744 0.3407712531993752 -0.16443592149436193
1.0879831840562264 0.3606425997237987 -0.16464270059869857
1.0859921536159596 0.38050271719817813 -0.16497570350100638
1.0838853678139853 0.40034621282210725 -0.16546716433581263
1.0816191996056497 0.42016535226434654 -0.1661533939928694
1.0791432909722292 0.43994930345203753 -0.16707360480444433
1.07640104037533 0.45968325097404916 -0.16826853607150982
1.0733302859278437 0.4793474313307433 -0.16977888097778557
1.0698642757017707 0.4989161704576536 -0.17164352161342386
1.0659330276793266 0.5183570403550009 -0.17389759750114941
1.0614651691188581 0.5376302873560607 -0.17657046634002732
1.0563902987854803 0.5566887115094734 -0.1796836622971284
1.0506418299845475 0.5754781800269536 -0.18324900998883478
1.0441601526366155 0.5939389200963885 -0.18726709682403725
1.0368958207740548 0.6120076444506868 -0.19172632186556987
1.0288123679649421 0.6296204196546251 -0.1966027048987968
1.0198883253425257 0.6467160201985556 -0.20186054516287508
1.0101180989411391 0.6632393727620871 -0.20745387787727484
0.9995115503654355 0.6791446404788694 -0.2133285259628426
0.9880923664662218 0.6943975574730754 -0.21942443402676978
0.9758955215977744 0.7089767838196862 -0.22567793983912265
0.9629642629734221 0.722874253661608 -0.23202369185741753
0.9493470606016163 0.7360946660521255 -0.23839603364470954
0.9350948801250165 0.7486543720862302 -0.24472980495509608
0.92025900785021 0.7605799326657965 -0.2509606182504721
0.9048895295408765 0.7719065782795392 -0.2570247406817433
0.889034466788932 0.7826767266980698 -0.2628587461925355
0.8727395141317863 0.7929386337974976 -0.268399112297972
0.856048288573461 0.8027451833538106 -0.27358193490226923
0.8390029860836049 0.8121527701517756 -0.27834293134273996
0.821645322014891 0.821220198140915 -0.28261789809928384
0.8040176032367707 0.8300075016995409 -0.28634377791842075
0.7861637358857612 0.8385746052914096 -0.28946045580775487
0.7681299227576343 0.8469797689649375 -0.2919133239483253
0.7499647730241501 0.855277827247927 -0.2936565158004452
0.7317185725056582 0.8635183126856361 -0.29465651368780277
0.7134415827539834 0.8717436441380223 -0.29489562431673577
0.6951814593427188 0.8799876206405091 -0.29437467740364565
0.676980152658091 0.8882744576423677 -0.2931143306923858
0.6588708696492196 0.8966185172414824 -0.2911546071583764
0.640875719920865 0.9050247400537025 -0.28855268921375
0.623004505255571 0.9134896397168414 -0.2853793969860769
0.605254808701518 0.9220026299512242 -0.28171502052321296
0.5876132335632811 0.9305474448316422 -0.27764518504921526
0.570057447716568 0.9391034705049314 -0.2732572488546956
0.5525586397894477 0.9476468930764176 -0.26863747735566973
0.5350840546523756 0.9561516474206814 -0.26386900862830637
0.5175993828033397 0.9645902063934843 -0.2590304789665488
0.5000708796756449 0.972934276359181 -0.25419511603610306
0.48246716103159215 0.9811554685473862 -0.2494301100225748
0.46476065633498936 0.9892260036772045 -0.24479611284178135
0.44692871266829154 0.9971194853047388 -0.24034677071178467
0.42895434063766624 1.0048117496527802 -0.2361282523018246
0.4108265927975931 1.012281769963457 -0.23217878460263328
0.39254057247305213 1.019512565815055 -0.2285282457383707
0.3740970892671606 1.026492047010141 -0.2251978841345435
0.35550200445407243 1.0332137117805094 -0.22220023506613007
0.33676533818912696 1.0396771224602277 -0.21953929024602084
0.31790023277877366 1.0458880977070784 -0.2172109489843114
0.29892187543818016 1.051858585025798 -0.21520374821987917
0.27984647723082384 1.057606205257944 -0.21349984118424908
0.2606903840027156 1.0631534866265204 -0.212076176034869
0.24146936530082416 1.0685268265975572 -0.21090581812585235
0.22219809506107258 1.0737552345323493 -0.20995936067188214
0.20288980924279934 1.078868918044923 -0.20920637424710328
0.18355610485171972 1.0838977828700502 -0.20861685148678943
0.16420683423000768 1.088869920767426 -0.20816260660552405
0.14485004856742537 1.093810161834476 -0.20781858927245578
0.12549195413120234 1.0987387644810467 -0.2075640705595359
0.10613686106809508 1.1036703058139028 -0.20738365801416356
0.0867871239695975 1.1086128160444868 -0.20726810031031806
0.06744309141710692 1.1135671739631057 -0.20721485093350164
0.04810309476209923 1.1185267504810952 -0.2072283742607323
0.02876351245143483 1.1234772595799611 -0.20732019336004998
0.009418945467746732 1.1283967566934336 -0.2075086928518137
-0.009937466080269299 1.1332557178660725 -0.207818698558509
-0.02931356279496425 1.1380171405632824 -0.20828085632033902
-0.04871750738893906 1.1426366277644147 -0.20893082534536006
-0.0681569397148527 1.1470624483345746 -0.20980828889855963
-0.08763794517707336 1.1512356054227237 -0.2109557705935781
-0.10716384782033604 1.1550899873797549 -0.21241723255759978
-0.12673385897184708 1.1585527183242537 -0.21423642747630975
-0.1463416439826282 1.1615448617724804 -0.21645498565880966
-0.16597391534592465 1.1639826506234443 -0.2191102463875519
-0.1856092172355388 1.1657794055472022 -0.22223289380174388
-0.20521712278774354 1.1668482441397634 -0.22584453022628742
-0.22475809908460656 1.1671055620129642 -0.22995540339505907
-0.2441842757801112 1.166475087597391 -0.23456257449468002
-0.2634412552869111 1.1648921075805516 -0.23964883650668972
-0.2824709221310686 1.162307295002683 -0.2451826335078195
-0.301214983548899 1.1586895266286654 -0.25111908058684046
-0.3196187778819427 1.1540272030432208 -0.25740197087969063
-0.33763480362827564 1.148327868602721 -0.2639664492845375
-0.3552254914859684 1.1416162782962833 -0.2707419080825614
-0.3723649371429168 1.1339313511126434 -0.2776546608534306
-0.38903955327335793 1.1253225936777282 -0.2846300648942224
-0.40524779823870843 1.1158465566798226 -0.29159393333366224
-0.4209992457345494 1.105563749018602 -0.29847324330382896
-0.43631327163827316 1.094536255088127 -0.30519626539140904
-0.45121758114690974 1.082826139309619 -0.3116923028668297
-0.46574671820338254 1.0704946075516697 -0.317891249715832
-0.47994061891666867 1.0576018278336605 -0.32372317454239696
-0.4938432070629333 1.0442072772953555 -0.3291181294990745
-0.5075009891393295 1.030370459149467 -0.33400637677330597
-0.5209615909531555 1.0161518058574568 -0.3383192160384416
-0.5342721890235943 1.001613545018952 -0.3419905700568803
-0.5474778297555588 0.9868202572329562 -0.3449594193457336
-0.5606196955108007 0.9718388223794759 -0.34717304685072187
-0.5737334576085092 0.956737471277268 -0.3485908516853189
-0.5868479252175065 0.9415837770327906 -0.3491882467935688
-0.5999842178847141 0.9264416531750574 -0.3489599509982991
-0.6131556266097536 0.9113677312970123 -0.3479219379260241
-0.6263681860545107 0.896407755648415 -0.34611149993291374
-0.639621808013729 0.8815937191982651 -0.343585303024079
-0.6529116992892443 0.8669423067045946 -0.3404157965097326
-0.6662297602398024 0.8524548662059063 -0.3366866937455657
-0.6795657325668685 0.8381187578491847 -0.3324883279933775
-0.6929079877823339 0.8239096772529928 -0.3279135253594747
-0.7062439636248042 0.8097944785435931 -0.32305434672698685
-0.7195603304142837 0.7957340940597137 -0.3179997674098786
-0.7328429990513035 0.7816862850094268 -0.31283416736183
-0.7460770806963437 0.7676080913770678 -0.3076364122357116
-0.7592468912737357 0.753457943844664 -0.3024792937122459
-0.7723360724444509 0.7391974482845163 -0.2974291336869797
-0.7853278784873589 0.7247928638171234 -0.2925454147988712
-0.7982056551355862 0.7102162834940016 -0.28788036312646337
-0.8109535100066531 0.695446507127855 -0.28347846876865945
-0.8235571441741838 0.6804695807567662 -0.27937598097286365
-0.8360047826491163 0.6652789749416769 -0.27560045179653764
-0.8482881129452128 0.6498753879249605 -0.2721704216978218
-0.8604031220445195 0.6342661874369442 -0.2690953393468462
-0.8723507188390814 0.6184645394088907 -0.26637578725909433
-0.8841370442273121 0.6024883030553025 -0.26400404992058674
-0.8957734026377998 0.5863587905378485 -0.261965020634885
-0.9072757909186231 0.5700994907030232 -0.26023740673986767
-0.9186640454105197 0.5537348409797952 -0.2587951669626937
-0.9299606683878554 0.5372891052241473 -0.2576091018935543
-0.9411894259556428 0.5207853863200049 -0.2566485169435186
-0.9523738284571657 0.5042447783125685 -0.25588288236826684
-0.9635356106236693 0.4876856485534713 -0.2552834226873965
-0.9746933219566112 0.4711230368310913 -0.2548245756703617
-0.9858611185785038 0.45456816341101886 -0.2544852689213586
-0.9970478175597076 0.4380280468684524 -0.2542499714702843
-1.008256236990056 0.4215052407277446 -0.2541094902055273
-1.019482805350847 0.40499770174064437 -0.25406149663699457
-1.0307173887067493 0.38849880108888074 -0.2541107865532142
-1.0419432598883487 0.37199748439387 -0.2542692903355435
-1.0531371238567526 0.355478580296608 -0.2545558614530264
-1.064269118460239 0.338923253845157 -0.2549958724733897
-1.0753027279274443 0.32230960214206117 -0.2556206411133402
-1.0861945747106465 0.30561339591126635 -0.2564666946169408
-1.0968940910981464 0.2888089801187014 -0.25757486173010335
-1.1073431139641836 0.27187035608671317 -0.25898916133415933
-1.1174754936781008 0.25477247180137863 -0.2607554398642549
-1.127216860609653 0.23749274018172647 -0.2629197015786777
-1.1364847458261451 0.22001277998564364 -0.26552608373735614
-1.145189296094727 0.20232032441633344 -0.26861446127197824
-1.153234837653339 0.18441116608719366 -0.27221773028720847
-1.160522500190647 0.16629091141859043 -0.27635891858972855
-1.1669539830276414 0.14797622677260014 -0.2810483925353844
-1.1724363179814017 0.12949521487975835 -0.28628153992681393
-1.1768871883499312 0.11088661293933824 -0.29203735581557494
-1.1802400883219997 0.09219768257365842 -0.29827828799615036
-1.1824484766113843 0.073480942262686 -0.30495149171149677
-1.1834881913988717 0.054790185272605485 -0.31199134356020114
-1.1833577503778048 0.03617641013996354 -0.3193227781304019
-1.1820766370810585 0.017684285163541758 -0.3268648514112982
-1.1796820892582542 -0.0006504166708580372 -0.33453395821661386
-1.1762251178713368 -0.018802248009200807 -0.34224630512195175
-1.1717664684956504 -0.036756464848891106 -0.3499194767140654
-1.1663730607289886 -0.05450858273774887 -0.35747314276058206
-1.1601152101265417 -0.07206338261692705 -0.3648290897831692
-1.1530647323264307 -0.08943359925584247 -0.3719108204651575
-1.1452938862263788 -0.10663845083219903 -0.3786429727511103
-1.1368750307697904 -0.1237020913021483 -0.3849507964845344
-1.127880827637623 -0.14065200759938035 -0.39075990946634065
-1.1183847960262934 -0.1575173508364913 -0.3959965440481429
-1.1084619975929828 -0.17432718896754354 -0.4005884832435491
-1.0981895925289675 -0.1911087000134567 -0.4044668527916961
-1.087646969944077 -0.20788538833556539 -0.4075688546528829
-1.0769151441682734 -0.2246754901701649 -0.40984137104935175
-1.0660751653188065 -0.24149081048331428 -0.41124513051145617
-1.0552054571769796 -0.25833625595607146 -0.41175885050034866
-1.0443782705676776 -0.27521025313714964 -0.4113825591105285
-1.0336557572993863 -0.29210605531902234 -0.41013928790689663
-1.0230863931798542 -0.3090136997630345 -0.4080746052565593
-1.0127024766657367 -0.3259221853955128 -0.40525397029661814
-1.00251917177574 -0.3428213974964818 -0.4017584309265668
-0.9925351599854427 -0.3597034284768035 -0.39767953105277337
-0.9827345978846752 -0.37656316025526787 -0.39311431559173327
-0.9730898808031992 -0.39339817814105704 -0.38816108200920435
-0.9635647102983099 -0.41020820803912544 -0.3829161822029675
-0.9541170890927962 -0.42699429861934146 -0.377471875214215
-0.9447020311913542 -0.4437579389031893 -0.37191504164225
-0.935273913516938 -0.46050024832359193 -0.3663264958015555
-0.9257884823988036 -0.4772213270461542 -0.36078063746211353
-0.9162045646393798 -0.4939198193462763 -0.35534523372231236
-0.9064855318323027 -0.5105927209081191 -0.3500811864545989
-0.8966005434850498 -0.5272354456454255 -0.34504220744277453
-0.886525562971285 -0.5438421519506459 -0.34027438532365856
-0.8762441116130477 -0.5604063071577127 -0.3358156822603887
-0.8657477090165073 -0.5769214412030128 -0.33169544023872544
-0.8550359477850551 -0.5933820092006283 -0.3279340023912936
-0.8441161691869273 -0.6097842550256037 -0.3245425596280622
-0.8330027393525448 -0.6261269528986085 -0.3215233157017766
-0.8217159647438954 -0.6424119087025093 -0.3188700279919406
-0.810280720792776 -0.6586441298744866 -0.31656893478182185
-0.7987248904492247 -0.6748316184339187 -0.31460003306527695
-0.7870777164221205 -0.6909847969159275 -0.3129386332550926
-0.7753681640683591 -0.7071156301690188 -0.31155709385247093
-0.7636233767102164 -0.7232365466099133 -0.31042663065405524
-0.7518672876015531 -0.7393592835034264 -0.30951909848709697
-0.7401194366042844 -0.7554937794878491 -0.30880865483320574
-0.7283940255384503 -0.7716472155956126 -0.30827323096362585
-0.7166992325910523 -0.787823268788634 -0.30789575569461003
-0.7050367913202567 -0.8040215974204222 -0.3076650985869833
-0.6934018234054233 -0.8202375348076067 -0.3075767219422746
-0.6817828982694182 -0.8364619328828405 -0.3076330518640549
-0.6701622804073379 -0.8526810774958431 -0.30784359484595186
-0.6585163200521988 -0.8688765914925826 -0.3082248349715682
-0.6468159466694202 -0.8850252493154463 -0.30879994623389606
-0.635027237694738 -0.9010986440865468 -0.30959834470971226
-0.6231120551734693 -0.9170626718328572 -0.3106550878206684
-0.6110287676919663 -0.9328768262700871 -0.3120101051161538
-0.5987331007634624 -0.9484933322312563 -0.3137072200196969
-0.5861791814577164 -0.9638561891012564 -0.31579289872880206
-0.5733208568965643 -0.9789002505763208 -0.3183146464880006
-0.5601133631830351 -0.9935505344213253 -0.321318970951296
-0.5465153905704846 -1.0077220297205858 -0.3248488586544517
-0.5324915206411639 -1.0213203314224883 -0.328940776698694
-0.5180148957692358 -1.0342434485673586 -0.3336213265934077
-0.503069830369608 -1.0463850558909045 -0.33890383491581677
-0.4876539259648267 -1.057639245356508 -0.34478533181500703
-0.47177917697264526 -1.0679064816707 -0.3512444753214196
-0.4554716280993791 -1.077100050526981 -0.3582409430528025
-0.43876940175111523 -1.0851519711182998 -0.36571658219591435
-0.4217192978778476 -1.092017305089928 -0.3735982211567622
-0.40437253307815724 -1.097676112683503 -0.38180163949675894
-0.3867803721506949 -1.1021328823533265 -0.3902359380025599
-0.36899034376955575 -1.1054138536566973 -0.39880754737062346
-0.3510434811046298 -1.107563034979243 -0.40742333148671944
-0.33297272234883357 -1.1086377958941818 -0.415992555280009
-0.3148023655040692 -1.108704749862808 -0.424427767880931
-0.2965483487081462 -1.1078363709547152 -0.4326448290914304
-0.2782191100846519 -1.1061085265448873 -0.44056237820297395
-0.2598168275484747 -1.1035989168253248 -0.44810104447619786
-0.24133890700911773 -1.1003862989080717 -0.45518266958541
-0.22277964764945665 -1.096550317175142 -0.46172978318384794
-0.20413204874396734 -1.0921717343119401 -0.46766555534095333
-0.1853897248921359 -1.087332836634675 -0.4729144396412563
-0.16654886109880582 -1.082117761712438 -0.47740369976654834
-0.1476100672504138 -1.0766124694308845 -0.4810659504838119
-0.12857989722552907 -1.0709040701978123 -0.4838427071691376
-0.10947171632203793 -1.065079271833072 -0.48568870640362677
-0.09030558922554699 -1.0592218475894206 -0.4865764574943255
-0.0711069788024995 -1.0534092720891148 -0.48650020444609204
-0.05190430993101642 -1.0477089685222702 -0.4854783717479903
-0.032725791119500885 -1.0421748404285631 -0.48355376853791227
-0.013596148886216733 -1.0368447921841553 -0.48079133479813974
0.005466028641808759 -1.0317397225529057 -0.4772738459229987
0.024449851834886616 -1.0268640911739504 -0.47309647013951056
0.04335245505403725 -1.0222077837101984 -0.46836120559133
0.06217826812282514 -1.017748785432777 -0.4631720186678328
0.08093758962195856 -1.0134561548524395 -0.4576311257070671
0.09964483732821001 -1.009292910079707 -0.45183649169327844
0.11831677184548374 -1.0052186093531421 -0.4458803704245762
0.1369708804519175 -1.0011915543045888 -0.4398485984780956
0.15562401518891344 -0.9971706400729731 -0.43382034516684964
0.17429131918944868 -0.9931169198158917 -0.4278680665902988
0.19298544586482025 -0.9889949551201972 -0.42205747918937553
0.21171606627609763 -0.9847740028685632 -0.416447438055631
0.2304896590271822 -0.9804290554510262 -0.4110896701877044
0.24930957462207456 -0.9759417143639736 -0.40602837086051313
0.2681763562125665 -0.9713008452324665 -0.401299720866093
0.28708827914343543 -0.9665029422141383 -0.39693142050365277
0.3060420456027974 -0.9615521271567712 -0.39294235803470096
0.3250335452322559 -0.9564597263038483 -0.3893425312248595
0.3440585771829982 -0.9512434027942337 -0.3861333187938458
0.3631134319270476 -0.9459258700112796 -0.38330815727456263
0.38219525519587766 -0.9405332592800747 -0.38085362615462753
0.4013021576605999 -0.9350932556492811 -0.37875089121606265
0.42043308212006353 -0.9296331403589548 -0.37697741293883336
0.43958748215463694 -0.9241778849235426 -0.3755088002882157
0.45876489159872275 -0.918748430008682 -0.37432068212851366
0.4779644675817311 -0.9133602553014629 -0.3733904771032098
0.4971845729157479 -0.9080223086196756 -0.3726989641955308
0.5164224333734011 -0.9027363188895249 -0.372231585636866
0.5356738714259298 -0.8974964745539656 -0.37197944646534037
0.5549330888636379 -0.8922894128992684 -0.3719400060023627
0.5741924516060679 -0.887094442082692 -0.3721174814005403
0.5934422220937876 -0.8818839092694377 -0.37252299888894724
0.612670186007033 -0.8766236351862103 -0.3731745327139044
0.631861127491607 -0.8712733550087285 -0.37409666513618206
0.6509961179961307 -0.8657871340483408 -0.375320184692562
0.6700515975070411 -0.8601137605710184 -0.3768815165450492
0.6889982450869669 -0.8541971545766109 -0.3788219507780102
0.7077996621968897 -0.8479768685390785 -0.38118660511524677
0.7264109330279951 -0.8413887915850065 -0.3840230322196546
0.7447771868508302 -0.8343661975626946 -0.3873793658397576
0.7628323710028229 -0.8268412902897754 -0.3913019063143279
0.780498543526815 -0.8187473798053588 -0.3958320908266614
0.7976860885743958 -0.8100217503951492 -0.40100289523008636
0.814295298365979 -0.8006091361168022 -0.406834881495982
0.8302196848185759 -0.790465504389171 -0.4133323206856134
0.8453511197451437 -0.7795616074833955 -0.4204800238485638
0.8595864525130497 -0.7678855927904217 -0.4282415961543914
0.8728347313937517 -0.7554439868383219 -0.4365596847954941
0.8850237842724712 -0.7422606545741692 -0.4453583901265984
0.8961049224290745 -0.7283738226746036 -0.45454746691675896
0.9060549798965604 -0.7138317496084585 -0.46402748513714864
0.9148756103745277 -0.6986879094171058 -0.47369495071506296
0.9225904174494836 -0.6829965326779338 -0.4834465522049451
0.9292408458600593 -0.6668090857333867 -0.49318207440000683
0.9348817629184517 -0.6501719293325428 -0.5028059149914053
0.9395774256794316 -0.6331251211728465 -0.5122274205428089
0.943398223127598 -0.6157021737787275 -0.5213603875484862
0.9464183192647783 -0.5979305386953032 -0.5301220888582868
0.9487141470300259 -0.5798326169386802 -0.5384321432155705
0.9503636080696528 -0.5614271504992828 -0.5462114931909144
0.9514457918956549 -0.5427308993872345 -0.5533817200450496
0.9520410115826282 -0.5237605343058054 -0.5598649089846578
0.9522309421494909 -0.5045346652953174 -0.5655842754210273
0.9520986343037107 -0.4850758758209738 -0.5704657496605834
0.9517281657137273 -0.4654125425822436 -0.5744406600598685
0.951203703656024 -0.4455801139474125 -0.577449514492168
0.950607816315148 -0.42562144171732097 -0.5794466325957195
0.9500190118009401 -0.40558578506504334 -0.5804050494704954
0.9495087025022179 -0.38552630153697287 -0.5803207965751201
0.9491380325579365 -0.3654962136518016 -0.5792155382284765
0.948955162296868 -0.3455442789767297 -0.5771367573769561
0.9489935728659636 -0.325710488962644 -0.5741552493100083
0.9492717170508395 -0.30602289880481587 -0.5703603908841257
0.9497939953462623 -0.2864961387902377 -0.5658541879272313
0.9505527359230727 -0.2671316567084326 -0.5607452455625497
0.9515307156824709 -0.24791932685691295 -0.555143566694076
0.9527037882084141 -0.22883987158789162 -0.5491566526021332
0.9540433168066542 -0.2098675676938242 -0.5428869681853313
0.9555182651068906 -0.1909728572620265 -0.5364305629408931
0.9570969200971293 -0.17212465226717474 -0.5298765224801549
0.9587482951089842 -0.15329225547780195 -0.52330692088711
0.9604432884353015 -0.13444690000104373 -0.5167969979934859
0.9621556702580317 -0.11556294322656536 -0.5104153587113522
0.9638629489366677 -0.09661875378884555 -0.5042240637794734
0.9655471365653867 -0.07759731787229222 -0.49827854595850374
0.9671953994772486 -0.05848657585855323 -0.49262734268448666
0.9688005475170476 -0.039279490446226924 -0.48731168645636636
0.9703612921563555 -0.019973847930786954 -0.4823650368532642
0.9718821939620433 -0.0005718065437878157 -0.47781266922710436
0.9733732297118446 0.01892077318666185 -0.4736714490823219
0.9748489406592374 0.03849515751815652 -0.46994991283555143
0.9763271730360177 0.058140651374542864 -0.4666487435661436
0.9778274809627232 0.07784551029596637 -0.463761678733166
0.9793693172906369 0.09759777793243626 -0.4612768254243855
0.9809701754873684 0.11738599398681937 -0.45917830035763774
0.9826438550205914 0.13719974139320448 -0.4574480686574467
0.9843990003913222 0.15703002268410743 -0.45606783525984473
0.9862380149768356 0.17686946949567897 -0.45502084754516336
0.9881563869659864 0.19671239535366408 -0.4542934935508269
0.9901424007737404 0.2165547024158689 -0.4538766188744839
0.9921771567386569 0.23639365054674033 -0.4537665275244672
0.9942347928135228 0.25622749384620797 -0.45396566873317623
0.9962827960574794 0.2760549860603198 -0.4544830369773871
0.9982823054107975 0.29587475189588386 -0.4553343233547032
1.000188334230633 0.31568451600234537 -0.4565418532322292
1.0019498753284344 0.3354801759482086 -0.4581343298217489
1.0035098888038811 0.35525470175715657 -0.4601463789554933
1.0048052124952218 0.37499684568384134 -0.46261785990106324
1.0057664770366943 0.3946896566229065 -0.46559287393758186
1.006318153344526 0.414308820167316 -0.46911837137080037
1.0063789086068702 0.4338208952328018 -0.4732422366719198
1.0058624905126345 0.4531815976260135 -0.47801073376843795
1.0046793817526172 0.4723343899948591 -0.48346523865440705
1.0027394389393018 0.4912097610413245 -0.489638296821442
0.9999556152809681 0.509725673393981 -0.4965492325502351
0.996248637161729 0.5277896576186055 -0.5041997900963952
0.9915521755441942 0.5453028461808067 -0.5125705337060643
0.9858177134523338 0.5621658342257055 -0.5216188475793305
0.9790181232041502 0.5782856964794932 -0.5312792228172902
0.9711490924386512 0.5935829961625916 -0.541466051914424
0.9622280104229234 0.6079974613560521 -0.5520785047636799
0.9522905800865255 0.62149131591645 -0.5630065094310882
0.9413859688214553 0.6340499157797408 -0.5741366583007559
0.9295715295164633 0.645680044466983 -0.5853570630813971
0.9169079885782937 0.6564066727376163 -0.5965606347762319
0.9034556571221946 0.6662690846020269 -0.6076467330948131
0.8892718623477537 0.675317100988942 -0.6185214514981274
0.8744095382613877 0.6836078524217948 -0.6290969408082259
0.8589167873608744 0.6912032904219101 -0.6392901736703059
0.8428371989487948 0.6981684421794483 -0.6490214856492817
0.8262107398915274 0.7045703078381979 -0.6582131526601152
0.8090750811406687 0.7104772525102976 -0.6667882093684367
0.7914672620894407 0.7159587298936625 -0.6746696888148792
0.7734256084554736 0.7210851713147605 -0.6817804657306029
0.7549917970153062 0.7259278724239459 -0.688043900751899
0.7362128959719251 0.7305587081619057 -0.6933854858206236
0.7171431062186189 0.7350495126490629 -0.6977356472373245
0.6978448094366928 0.7394709901401176 -0.7010337302502511
0.6783884484818148 0.743891095494222 -0.7032329371298376
0.6588508086359418 0.7483729489630353 -0.7043056352796473
0.6393115158239564 0.7529725157050716 -0.7042480937191412
0.6198480251824262 0.7577364318862104 -0.7030835302886704
0.6005299041135395 0.7627004174259862 -0.7008625431301176
0.5814135638020564 0.7678886227323003 -0.6976605933888653
0.562538541896522 0.7733140298334237 -0.6935729941755288
0.543925978503046 0.7789797638024423 -0.6887084868827931
0.5255792880724734 0.78488098466615 -0.6831826814075292
0.5074865127971494 0.7910069835964685 -0.6771123917877508
0.48962362180762586 0.797343179938381 -0.6706114199202629
0.47195807735071105 0.8038728418264294 -0.6637878726227522
0.4544521961999967 0.8105784716772009 -0.6567427857602859
0.4370660625324946 0.8174428778258447 -0.6495696948712189
0.419759923197796 0.8244499917776801 -0.6423547854503069
0.4024960981769311 0.8315854974431984 -0.6351773152555059
0.38524047935395306 0.8388373269065581 -0.6281100799906539
0.36796369012329394 0.846196056252642 -0.6212197690375966
0.35064195565892675 0.8536552106222113 -0.6145671224504409
0.3332577029032179 0.8612114636639189 -0.6082068555258511
0.31579988050676655 0.8688646960992525 -0.6021873666351326
0.2982639695628161 0.8766178650190793 -0.5965502898278151
0.28065165169425627 0.8844766342903033 -0.5913299945631681
0.2629701151601934 0.8924487311069916 -0.5865531653311373
0.24523101170850267 0.9005430256193308 -0.5822386057964521
0.22744912150533872 0.9087683759214391 -0.5783973979427045
0.2096408303580114 0.9171323294132064 -0.5750335038009644
0.1918225596988989 0.9256398091084562 -0.572144831137186
0.1740093038911689 0.9342919257643592 -0.5697247088148792
0.1562134156002021 0.9430850365035945 -0.5677636510447412
0.13844374088471129 0.9520101216500597 -0.5662512491013656
0.12070515165510928 0.9610524877051223 -0.5651780228084783
0.10299846844895916 0.9701917439685349 -0.5645370895893198
0.08532072397510349 0.9794019582644952 -0.564325554527878
0.06766569507218058 0.9886518803382849 -0.5645455753968165
0.05002462842410137 0.9979051278550441 -0.5652050986654111
0.032387099137503796 1.0071202523183114 -0.5663182881572751
0.014741964199785865 1.0162506324681202 -0.5679056751038584
-0.002921601995342611 1.0252441750370027 -0.5699940487891814
-0.020612981049323614 1.0340428350770403 -0.5726160847544945
-0.03833886975924219 1.0425820017685679 -0.5758096771387146
-0.05610189952175528 1.05078983414761 -0.5796169080350763
-0.07389910414039594 1.058586678238413 -0.5840825559883874
-0.09172025999194407 1.0658847539305767 -0.5892520274606222
-0.1095461858925813 1.0725883616638816 -0.59516860400821
-0.1273471827919496 1.078594909501463 -0.6018699543097226
-0.14508190602646096 1.083797068994099 -0.6093839853876974
-0.16269706464539516 1.0880862879263975 -0.6177243109119478
-0.18012837625700986 1.0913576755963184 -0.6268858721977634
-0.19730310038347357 1.0935159239795678 -0.6368414803011282
-0.21414418291568332 1.0944815079643322 -0.6475401252698486
-0.23057560834218488 1.0941960857715296 -0.6589076958188456
-0.24652812931978513 1.0926259952941872 -0.6708502486398699
-0.261944337314249 1.089763112117075 -0.6832593152334564
-0.2767821873785299 1.0856229918164386 -0.696018213311609
-0.2910165399074001 1.0802408829203405 -0.7090081709155589
-0.30463881734826037 1.0736665930572746 -0.722113306598896
-0.31765526736630983 1.065959217256963 -0.735223971622006
-0.3300844700587083 1.057182485970106 -0.7482384217376972
-0.3419546600719995 1.0474011396156104 -0.7610630953768038
-0.3533012592227761 1.036678432665217 -0.7736119003163248
-0.3641648278948453 1.0250746778350353 -0.7858049007354733
-0.374589497177559 1.0126466570506585 -0.7975667204789
-0.38462185131089777 0.9994477170157703 -0.8088248906197587
-0.39431018211877555 0.9855283971508025 -0.8195082999687942
-0.4037040177293832 0.9709374790724813 -0.8295458670627875
-0.4128538228452367 0.9557233821635184 -0.8388655418738232
-0.4218107677629417 0.9399358478750774 -0.8473937604972056
-0.4306264639790261 0.9236278474050912 -0.8550555085090559
-0.43935256611083506 0.9068576051488682 -0.8617751854839268
-0.44804014826860517 0.8896905480798467 -0.8674784822327383
-0.4567387874031468 0.8722008725230842 -0.8720954492490491
-0.4654953377311999 0.8544722897357981 -0.8755648058493534
-0.4743524655223761 0.8365974298589759 -0.877839279022102
-0.48334712305855854 0.8186754429008383 -0.8788913794338874
-0.4925092398559624 0.8008076240633126 -0.8787186206037415
-0.5018609428550217 0.783091413505969 -0.877346965869007
-0.5114165385611554 0.765613721833021 -0.8748314606891517
-0.5211833042839408 0.7484449202779543 -0.8712536362719558
-0.5311629168630384 0.731634754513303 -0.8667161430599447
-0.541353198677762 0.7152108858240446 -0.8613357909681029
-0.5517498429067119 0.6991800068218962 -0.8552364183101286
-0.5623478743292237 0.683530878709524 -0.8485427531690982
-0.5731427386024965 0.6682383952685529 -0.8413758966210306
-0.5841310264899005 0.6532678675986113 -0.8338505286595729
-0.5953109012288853 0.6385789846467593 -0.8260735846035021
-0.6066823116231076 0.624129181826818 -0.8181439987637881
-0.6182470590594235 0.6098763570528399 -0.810153106335313
-0.6300087609183662 0.5957809903358326 -0.8021853610650392
-0.6419727266564248 0.5818077657265048 -0.7943191121495818
-0.6541457414087106 0.5679267884753031 -0.7866272621848273
-0.6665357375965811 0.5541144581489705 -0.7791776914443634
-0.6791513293471487 0.5403540163111975 -0.7720333855595409
-0.692001189420546 0.5266357472741912 -0.7652522509589523
-0.7050932655132865 0.5129567828696843 -0.758886651616914
-0.7184338621982398 0.4993204573095596 -0.7529827539968219
-0.7320266523066618 0.4857351841763305 -0.7475798200228572
-0.7458717176962314 0.47221288624983365 -0.742709628405975
-0.7599647401770854 0.4587670906128429 -0.7383962159404477
-0.7742964556315394 0.44541088335022494 -0.734656098400286
-0.7888524429286402 0.43215496961884003 -0.7314990535690877
-0.8036132525134113 0.4190060810874824 -0.7289294430512004
-0.8185548079389922 0.40596590879625444 -0.7269479456355529
-0.833648960306547 0.39303063523005627 -0.7255535050568767
-0.8488640552948212 0.38019103024200035 -0.7247452768588141
-0.8641653855611345 0.36743299467882434 -0.7245243893032749
-0.8795154364727675 0.3547384000960109 -0.7248953920295238
-0.8948738753280224 0.34208608042189337 -0.7258673289274562
-0.9101972719596303 0.32945286697552373 -0.7274544197996123
-0.9254385671509826 0.3168146042710492 -0.7296763604147066
-0.9405463259674379 0.3041471269595128 -0.7325582529733943
-0.9554638308057228 0.2914272104534552 -0.7361301644983751
-0.9701280896726895 0.27863352626853355 -0.7404262870044973
-0.9844688641026823 0.2657476370888196 -0.7454836490714133
-0.9984078609521095 0.25275505538692533 -0.7513403133004736
-1.011858281269841 0.23964636192911215 -0.7580329997591163
-1.0247249682707658 0.22641833587537666 -0.7655941155752509
-1.0369054253859327 0.21307498880112707 -0.7740482582195488
-1.0482919536403532 0.19962833052186543 -0.7834083993745223
-1.0587750499592539 0.18609864582503788 -0.7936721321590816
-1.0682479927132262 0.1725140588221756 -0.8048185298627026
-1.076612237041422 0.15890923553855227 -0.8168062418459359
-1.0837829310262697 0.14532323363706973 -0.8295733610564332
-1.0896936744000376 0.13179671670447418 -0.8430393052907192
-1.0942996921067194 0.11836893380711634 -0.8571085234658118
-1.0975789104697402 0.10507494054231248 -0.8716754205000182
-1.0995308984352192 0.09194346698812621 -0.8866296556179952
-1.1001740858312452 0.07899565334981315 -0.9018609910802693
-1.0995419380639824 0.06624465800813985 -0.9172631074917257
-1.0976788018861323 0.05369597556141574 -0.9327361304474877
-1.0946359949379185 0.041348223288613255 -0.9481879035515328
-1.0904684941754221 0.02919415621936195 -0.9635342248749204
-1.0852323723823765 0.017221721634677136 -0.9786983322348866
-1.0789829833827222 0.0054150299688056295 -0.99360990968993
-1.0717738132448997 -0.00624482124137106 -1.0082038337748807
-1.063655883694536 -0.01777908964263036 -1.0224188144143203
-1.0546775963652613 -0.029210887791545428 -1.0361960298786916
-1.0448849262290103 -0.04056481576943875 -1.049477814702281
-1.0343218984899538 -0.05186669416228771 -1.0622064352230645
-1.0230313088673917 -0.06314336080208958 -1.0743229779877561
-1.0110556688608339 -0.07442249171599674 -1.0857663801183277
-0.998438372729428 -0.08573240330140759 -1.0964726469694839
-0.9852250885962742 -0.09710178839250111 -1.1063743307802523
-0.9714653678305216 -0.10855933452880673 -1.1154003840397022
-0.9572144379921229 -0.12013317116444862 -1.1234765501991049
-0.9425350867701531 -0.13185009906750925 -1.1305265037605943
-0.9274994504304833 -0.14373457784523413 -1.1364739828449846
-0.912190391952436 -0.15580749596414178 -1.1412461365357816
-0.8967020144397911 -0.16808482806794625 -1.1447781895161884
-0.8811387635248495 -0.18057639014061033 -1.1470192631340532
-0.8656126247062993 -0.19328500266614404 -1.1479387820900249
-0.8502382165919083 -0.2062064060833056 -1.147532432130734
-0.8351261364100244 -0.21933017682734737 -1.1458263288209318
-0.8203755760821345 -0.2326416482907478 -1.1428781681066167
-0.8060676789940197 -0.246124525985979 -1.138774772013427
-0.792261049833474 -0.2597636532464272 -1.1336264245553855
-0.7789902254993036 -0.2735473617461261 -1.1275592654833708
-0.766267057391304 -0.2874690329920312 -1.1207073660382882
-0.7540842587886151 -0.30152778158775667 -1.1132058667497078
-0.7424200841134527 -0.3157284033483866 -1.1051859542799678
-0.7312432076542015 -0.3300808365786364 -1.096771830418031
-0.7205171733828146 -0.3445993740126335 -1.0880793991841766
-0.7102041091560338 -0.35930178926188155 -1.0792162104586218
-0.7002676347977944 -0.3742084552642112 -1.0702821856340126
-0.6906750217774453 -0.3893414616166174 -1.061370723985645
-0.6813987033158839 -0.40472369244595763 -1.052569882181102
-0.6724172202253987 -0.42037780717413736 -1.043963400675407
-0.6637156485015067 -0.4363250721238385 -1.0356314119202856
-0.655285512216364 -0.45258402146261917 -1.027650713694189
-0.6471241581622872 -0.4691689810058741 -1.0200945409015552
-0.6392335730730722 -0.4860885619978572 -1.013031835834446
-0.6316186712883061 -0.5033443073513277 -1.0065261079214929
-0.6242851694280562 -0.5209297206813847 -1.000634081395842
-0.6172372736822938 -0.5388298951691419 -0.9954044241843144
-0.6104754925332551 -0.5570218657529888 -0.990876890247158
-0.6039949053295376 -0.5754756501158992 -0.9870821545243436
-0.5977841394940666 -0.5941557753028344 -0.9840424734653471
-0.5918251545612774 -0.6130229751125713 -0.9817731100375926
-0.5860937568787226 -0.6320357307948563 -0.9802842916187123
-0.580560638707731 -0.6511514072886623 -0.9795833799856118
-0.57519268565249 -0.6703268637485714 -0.9796769391592766
-0.5699543225621471 -0.6895185380297624 -0.9805724616756063
-0.5648087391443157 -0.7086820877628426 -0.9822796121727618
-0.5597189172624049 -0.7277717100951753 -0.9848109324414873
-0.5546484483506628 -0.7467392702949651 -0.9881820073921573
-0.5495621722424273 -0.7655333633154416 -0.9924111174340442
-0.5444266888457662 -0.7840984255553514 -0.9975184099630309
-0.5392107966896544 -0.802374013115567 -1.0035246241693243
-0.5338859028228954 -0.8202943678533222 -1.010449411025163
-0.5284264309627035 -0.8377883979266528 -1.0183093126083027
-0.5228102321126027 -0.8547801955278387 -1.0271155056221148
-0.517018976995697 -0.8711901891681555 -1.036871470252578
-0.5110384865555678 -0.8869369707608515 -1.0475708060646514
-0.504858940953529 -0.9019397456242897 -1.0591954616142913
-0.49847490501516045 -0.9161212364910954 -1.0717146493907816
-0.49188512318317795 -0.9294107568163821 -1.0850846628400943
-0.48509206907427277 -0.9417470911865852 -1.099249694433563
-0.4781012765248393 -0.9530808152027738 -1.1141435944575773
-0.4709205183754994 -0.9633757667312991 -1.129692351798374
-0.4635589238660107 -0.9726095268086179 -1.1458169674195493
-0.4560261284784544 -0.9807729384543759 -1.1624363588694002
-0.44833153270223175 -0.9878688360315279 -1.1794699809889462
-0.44048371652074725 -0.9939102426799323 -1.1968399484726675
-0.43249002467273473 -0.9989183106312638 -1.214472563044557
-0.42435631197947377 -1.002920243085205 -1.232299249869055
-0.41608682201803415 -1.0059473714318057 -1.2502569770553857
-0.40768416598631235 -1.0080334912769038 -1.2682882661775647
-0.39914936929791556 -1.0092135004661258 -1.2863409076165095
-0.39048195823693854 -1.0095223388170849 -1.3043674826182312
-0.3816800653587332 -1.0089942027747214 -1.322324773730644
