# Stellarator field line 3
# X[m] Y[m] Z[m]
1.35 0.0 0.0
1.3498641640926479 0.019150417709737667 0.005765145229673831
1.3498360903965683 0.03831947869161167 0.011460475097277835
1.3499149985612335 0.05750782368407627 0.017080817698446136
1.3501003999100212 0.07671596195817265 0.022621301525521116
1.3503920463431656 0.09594439363020821 0.028076910993092192
1.3507898947738597 0.11519371348440018 0.03344207440694687
1.3512940875253525 0.13446469359383878 0.038710289380416936
1.3519049479871452 0.1537583429144643 0.04387378765228079
1.3526229899850195 0.17307594252626898 0.04892323871202458
1.353448938698569 0.19241905536253398 0.053847489729328527
1.3543837604878661 0.21178950916416395 0.05863333808800742
1.3554286985953066 0.23118935108389926 0.06326533236756644
1.3565853113032504 0.25062077190401827 0.06772559790086775
1.3578555086951938 0.27008599728425225 0.07199368406096059
1.3592415836409064 0.2895871429020064 0.07604643219734496
1.3607462319708317 0.30912602989308385 0.07985786566616675
1.3623725560087099 0.3287039568055089 0.08339910669840524
1.364124044712043 0.34832142456774867 0.08663832892511543
1.3660045226952022 0.36797781205586144 0.08954075916844734
1.3680180595209799 0.3876710021201791 0.09206874742128021
1.3701688300866348 0.4073969618649099 0.09418192936024783
1.3724609170709636 0.42714928702211785 0.09583751050450566
1.3748980477554598 0.4469187287323328 0.09699070402218449
1.3774832606899907 0.46669273185087673 0.09759535345742036
1.3802185032334524 0.4864550262263111 0.0976047651476666
1.3831041693226918 0.5061853243435814 0.09697276064202677
1.3861385977112834 0.5258591870934496 0.09565493559227049
1.3893175632534993 0.5454481199517378 0.09361007885855709
1.3926338053118776 0.5649199501324719 0.09080166758376142
1.3960766447614703 0.5842395085751119 0.08719931815248311
1.3996317408354728 0.6033696000350226 0.08278004961305864
1.4032810287997535 0.6222721965394863 0.07752921573448979
1.407002859321701 0.6409097453977805 0.07144099053139237
1.4107723338957316 0.6592464557791713 0.064518347668025
1.414561803931591 0.6772494270525921 0.05677254514908691
1.4183414807802421 0.6948895091032183 0.04822219558542169
1.4220800947352754 0.7121418321380947 0.03889205205750616
1.425745543903368 0.7289859975839548 0.028811660075192674
1.4293054861744066 0.7454059687524132 0.01801401707870017
1.432727844665453 0.7613897307786818 0.006534350303667023
1.4359812142304125 0.7769288013170533 -0.0055909166852692975
1.4390351705860636 0.7920176695420468 -0.018324978169705495
1.4418604928502696 0.8066532269535216 -0.03163124238238508
1.4444293149248106 0.8208342353041139 -0.04547373201563608
1.4467152221830881 0.8345608592002844 -0.059817322757943506
1.4486933086107674 0.8478342761797102 -0.07462785675710834
1.4503402070298863 0.860656366277794 -0.0898721659919332
1.4516341021430201 0.8730294761101383 -0.10551803580045921
1.4525547333746247 0.8849562486180333 -0.12153413300731224
1.4530833921188002 0.896439508002632 -0.13788991732041697
1.453202916113141 0.9074821892347202 -0.1545555495185036
1.4528976822355162 0.9180873022584362 -0.17150180566209405
1.4521535980063114 0.9282579221730858 -0.18870000315583313
1.4509580913997406 0.9379971979932795 -0.20612194188329436
1.4493000981533957 0.947308373885125 -0.22373986169781032
1.4471700455538887 0.9561948179662977 -0.24152641615057352
1.4445598316183632 0.9646600548030045 -0.25945466135030804
1.44146279864739 0.9727077986302387 -0.2774980581783672
1.4378737002635091 0.980341985072656 -0.2956304856519569
1.4337886612469193 0.9875667997685843 -0.31382626297819116
1.4292051297156558 0.9943867028176114 -0.3320601777300621
1.4241218214552298 1.000806448400427 -0.3503075175708529
1.4185386564676459 1.006831099273217 -0.3685441030328259
1.4124566880692448 1.0124660361302282 -0.38674631900125384
1.4058780251099146 1.0177169620668207 -0.4048911427513303
1.3988057481035872 1.0225899025688343 -0.42295616662025354
1.39124382024435 1.0270912016081994 -0.44091961365778043
1.3831969944288365 1.031227514544066 -0.4587603448742396
1.3746707175112245 1.0350057986173375 -0.4764578569842492
1.3656710330819948 1.0384333018881533 -0.4939922698167223
1.3562044840878669 1.041517551504394 -0.5113443028176525
1.3462780166026507 1.044266342208721 -0.5284952403035196
1.3358988860236383 1.0466877259962863 -0.5454268853235682
1.3250745669138158 1.0487900038296014 -0.5621215021544024
1.3138126676459694 1.0505817203057797 -0.5785617475783281
1.3021208509409348 1.0520716621591153 -0.5947305911881834
1.2900067613395778 1.0532688614731816 -0.6106112250191307
1.2774779606175868 1.0541826044753584 -0.626186962837871
1.2645418721550596 1.0548224467963645 -0.6414411294306953
1.251205735320385 1.05519823610042 -0.656356940235655
1.2374765710314473 1.05532014302936 -0.6709173716766232
1.2233611598280947 1.0551987014557407 -0.685105022598504
1.2088660340393755 1.0548448591027024 -0.698901967299657
1.193997485967996 1.0542700396554743 -0.7122896008438098
1.1787615944517569 1.053486217549408 -0.7252484776535291
1.1631642727028157 1.0525060066535734 -0.7377581448978833
1.1472113409685234 1.0513427640486412 -0.7497969729616799
1.1309086282871867 1.0500107099803557 -0.7613419864153829
1.1142621083906097 1.0485250647939486 -0.7723687005076655
1.0972780755580003 1.046902203134113 -0.7828509704110407
1.0799633668210336 1.0451598248125666 -0.7927608634125752
1.0623256371410055 1.043317140348143 -0.8020685680975039
1.0443736936914378 1.0413950670849308 -0.8107423594191162
1.026117893694889 1.0394164287804577 -0.8187486443628087
1.0075706067149122 1.0374061474252618 -0.8260521194436284
0.9887467360609509 1.0353914106811528 -0.8326160778727411
0.9696642841199156 1.0334017917786036 -0.8384029096184528
0.9503449322414967 1.0314692914454913 -0.8433748396557175
0.9308145871504585 1.0296282645203993 -0.847494945354258
0.91110382393571 1.0279151892568155 -0.8507284793075399
0.8912481338578231 1.0263682378103456 -0.8530444950272476
0.8712878697795783 1.0250266155144745 -0.8544177275069654
0.851267781905352 1.0239296574535994 -0.8548306205153353
0.8312360614311782 1.0231157046234842 -0.8542753262706849
0.8112428659707459 1.0226208255154943 -0.8527554475654409
0.7913383855608472 1.0224774935728216 -0.8502872695763561
0.7715706058972883 1.0227133633235035 -0.8469002583872073
0.7519830087848993 1.0233502944396644 -0.8426366923813369
0.732612488724019 1.024403746008273 -0.8375504264650875
0.7134877407453047 1.0258826067796052 -0.8317049328462783
0.6946282918839868 1.0277894562860945 -0.8251708740277428
0.6760442327514143 1.0301211868963847 -0.8180235132398077
0.6577365921354378 1.0328698747989429 -0.8103402480507015
0.6396982160203661 1.0360237753313404 -0.8021984812736088
0.6219149759883761 1.0395683311849824 -0.7936739487970328
0.6043671367914474 1.0434871106674 -0.7848395343551071
0.5870307448545824 1.0477626263577464 -0.7757645338800992
0.5698789424943471 1.0523770140145288 -0.7665142922771215
0.5528831542365845 1.0573125734450288 -0.7571501199170029
0.5360141248039618 1.0625521865555478 -0.747729397642928
0.5192428108635844 1.0680796342574344 -0.7383057902118833
0.5025411412035404 1.0738798352750256 -0.7289295031322625
0.4858826647101469 1.0799390280452712 -0.7196475332780448
0.46924310466663227 1.0862449132206318 -0.7105038777727609
0.4526008335456192 1.0927867697009168 -0.7015396780179282
0.4359372762767465 1.0995555521569436 -0.6927932866523879
0.41923724324879236 1.106543972973065 -0.6843002551670083
0.40248918813415846 1.1137465666548212 -0.6760932492704027
0.3856853809329217 1.1211597302938938 -0.6682019080114533
0.36882198420720147 1.1287817300420149 -0.6606526708088083
0.3518990208747876 1.136612661228911 -0.6534686032026171
0.33492022536616284 1.1446543493349892 -0.6466692563335108
0.3178927761677214 1.152910180984021 -0.6402705958363996
0.3008269160150191 1.1613848586714601 -0.6342850322691861
0.2837354750784171 1.1700840798533252 -0.628721577240357
0.2666333210040281 1.1790141494909987 -0.6235861377156036
0.2495367663173425 1.1881815438599894 -0.6188819470176057
0.2324629674945772 1.19759245076265 -0.6146101167653432
0.2154293504991937 1.2072523156726198 -0.6107702815243706
0.19845309484313534 1.2171654236905611 -0.6073612990033805
0.1815507027738419 1.2273345432137361 -0.6043819642696586
0.164737672797385 1.2377606495436384 -0.6018316968257305
0.14802828833790044 1.248442736686546 -0.5997111638335915
0.13143552381570126 1.2593777151766454 -0.598022810052273
0.11497106261253812 1.2705603846725626 -0.596771273676097
0.0986454149093911 1.2819834637084837 -0.5959636758040407
0.08246811860589501 1.2936376560073828 -0.5956097786391162
0.06644800355376008 1.305511733175305 -0.5957220130790578
0.05059349798837661 1.3175926168378342 -0.59631537997235
0.03491295596132485 1.3298654484972234 -0.5974072312519961
0.01941498531833495 1.3423136416583754 -0.5990169379935354
0.004108756924440473 1.3549189172655216 -0.6011654528960931
-0.010995722864347269 1.367661329541685 -0.6038747754944063
-0.02588739312834514 1.3805192944123883 -0.607167330210756
-0.04055398782063294 1.393469636403657 -0.6110652705744862
-0.054981966813125595 1.406487671858466 -0.61558972769606
-0.0691565387814848 1.419547346172266 -0.6207600271227722
-0.08306178206071929 1.4326214402347803 -0.6265929048359594
-0.09668086407890811 1.4456818562764446 -0.6331017592762315
-0.10999635312513246 1.458699986043238 -0.6402959805143363
-0.12299060852500968 1.4716471552608301 -0.6481803985807945
-0.13564622767821785 1.4844951287406822 -0.6567548893800562
-0.14794652203059797 1.4972166516223437 -0.6660141680619979
-0.15987599011647896 1.5097859956470494 -0.675947786668408
-0.17142075524229275 1.5221794762983736 -0.6865403367877556
-0.18256893855121148 1.5343759078315922 -0.6977718410934856
-0.19331094475373908 1.546356968550054 -0.7096183025600986
-0.20363964670891227 1.5581074572712732 -0.722052369087572
-0.21355046485483692 1.5696154322683815 -0.7350440656243309
-0.22304134671379025 1.5808722343763064 -0.7485615459641088
-0.23211265911482729 1.5918724049111612 -0.7625718214532573
-0.24076701066751613 1.6026135155487522 -0.7770414323998336
-0.2490090242243592 1.6130959309348782 -0.7919370382517386
-0.2568450788931761 1.6233225257017043 -0.8072259129603591
-0.2642830392002976 1.6332983762723914 -0.8228763411239449
-0.2713319859559775 1.6430304450620352 -0.8388579177795653
-0.27800195987795323 1.6525272711394563 -0.8551417598325992
-0.2843037255887563 1.661798677696394 -0.8717006401900851
-0.29024856054656717 1.6708555032018737 -0.8885090570300391
-0.2958480709682849 1.6797093601501718 -0.9055432507147756
-0.30111403490324423 1.6883724229466053 -0.9227811800611018
-0.3060582712803053 1.696857244718314 -0.9402024683748458
-0.310692532898083 1.7051766016258643 -0.9577883281212822
-0.315028420858822 1.713343362493672 -0.9755214715340235
-0.3190773177630065 1.7213703811729482 -0.9933860129885602
-0.32285033699798166 1.7292704089065545 -1.0113673676525141
-0.32635828559920577 1.7370560240007136 -1.0294521498022362
-0.3296116383832619 1.7447395762598703 -1.0476280732675354
-0.3326205213081566 1.7523331438594199 -1.0658838557200963
-0.33539470228175206 1.7598485005813647 -1.08420912793542
-0.3379435878959788 1.7672970915960418 -1.1025943487087748
-0.34027622480242065 1.7746900162231947 -1.1210307257687402
-0.3424013046586642 1.7820380163384848 -1.1395101427854661
-0.34432717176254546 1.7893514693020924 -1.1580250923955866
-0.3460618326534081 1.7966403844724848 -1.1765686150456338
-0.3476129670972701 1.803914402530803 -1.195134243377568
-0.34898793998867444 1.8111827969808978 -1.2137159518330185
-0.3501938137985053 1.8184544773087932 -1.2323081111286673
-0.3512373612767713 1.825737993385458 -1.2509054472473873
-0.35212507818474537 1.833041540780544 -1.269503004593309
-0.3528631958840976 1.8403729667243465 -1.288096112970204
-0.3534576936537932 1.8477397765127488 -1.3066803580586352
-0.35391431064022855 1.855149140197078 -1.325251555086222
-0.35423855737383975 1.8626078994392943 -1.343805725405631
-0.3544357268074812 1.8701225744440966 -1.3623390757155114
-0.35451090484927755 1.8776993709046033 -1.3808479796798427
-0.35446898037628527 1.8853441869182144 -1.399328961720609
-0.3543146547258532 1.8930626198450051 -1.4177786827770686
-0.3540524506696687 1.9008599730932076 -1.4361939278420113
-0.3536867208815743 1.9087412628256668 -1.4545715951012266
-0.35322165591474375 1.916711224588072 -1.4729086865169514
-0.35266129170704674 1.9247743198647407 -1.4912022997093681
-0.3520095166356554 1.9329347425710792 -1.5094496210023678
-0.351270078143362 1.9411964254939031 -1.5276479195108588
-0.3504465889598734 1.9495630466918037 -1.5457945421569845
-0.3495425329416454 1.9580380358679035 -1.5638869095118229
-0.348561270553724 1.9666245807268519 -1.5819225123675544
-0.34750604401668456 1.975325633326907 -1.5998989089528113
-0.3463799821411489 1.9841439164365604 -1.617813722711021
-0.34518610487157586 1.9930819299035214 -1.6356646405681268
-0.3439273275601306 2.0021419570420402 -1.6534494116221559
-0.3426064649904461 2.0113260710426326 -1.6711658461927767
-0.3412262351700484 2.0206361414063028 -1.6888118151742895
-0.33978926290914085 2.0300738404034484 -1.7063852496404666
-0.338298083202356 2.0396406495557575 -1.7238841406543393
-0.3367551444289924 2.04933786613766 -1.741306539240435
-0.3351628113861806 2.0591666096922916 -1.758650556481135
-0.33352336816836314 2.069127828555469 -1.775914363702761
-0.33183902090546585 2.0792223063799047 -1.793096192720713
-0.3301119003711369 2.0894506686507985 -1.810194336116493
-0.328344064471499 2.0998133891830757 -1.827207147522764
-0.32653750062395404 2.110310796589807 -1.8441330418957
-0.32469412803473197 2.120943080710889 -1.8609704957568072
-0.32281579988307735 2.131710298990713 -1.8777180473891255
-0.3209043054192103 2.142612382793445 -1.8943742969752584
-0.31896137198249946 2.153649143644544 -1.9109379066670267
-0.3169886669456428 2.1648202793873543 -1.9274076005787157
-0.3149877995900428 2.176125380243921 -1.9437821646978601
-0.31296032291701664 2.187563934769628 -1.9600604467093177
-0.3109077353989825 2.1991353356918113 -1.9762413557300058
-0.308831482674298 2.210838885623161 -1.992323861953135
-0.30673295918902455 2.2226738026414172 -2.008306996202056
-0.30461350978850926 2.2346392257276837 -2.0241898493949746
-0.3024744312613522 2.246734220056464 -2.039971571922755
-0.3003169738380275 2.2589577821314104 -2.0556513729428856
-0.2981423426461695 2.271308844761612 -2.071228519593358
-0.2959516991243007 2.2837862818741477 -2.086702336130801
-0.29374616239559015 2.2963889131594524 -2.1020722029976513
-0.2915268106030427 2.309115508546918 -2.1173375558235095
-0.289294682207386 2.3219647925089553 -2.1324978843660563
-0.2870507772487853 2.334935448192504 -2.147552731397086
-0.28479605857341667 2.348026121377757 -2.1625016915392874
-0.28253145302583316 2.3612354242645166 -2.177344410059411
-0.28025785260798897 2.3745619390872905 -2.1920805816234274
-0.2779761156057232 2.388004221560793 -2.206709949019161
-0.2756870676834569 2.4015608041580916 -2.221232301851756
-0.2733915029478159 2.4152301992241156 -2.235647475217138
-0.27109018498086346 2.429010901927675 -2.2499553483584185
-0.26878384784359793 2.4429013930555468 -2.2641558433099718
-0.26647319705035993 2.4569001416524894 -2.2782489235336243
-0.2641589105147682 2.4710056075113687 -2.2922345925511656
-0.2618416394678099 2.485216243517773 -2.3061128925770844
-0.25952200934868486 2.4995304978537356 -2.319883903155166
-0.2572006206690125 2.5139468160652996 -2.333547739802303
-0.25487804985100543 2.5284636429987914 -2.347104552662583
-0.2525548500402004 2.543079424610743 -2.360554525174464
-0.25023155189334856 2.5577926096564445 -2.373897872753546
-0.24790866434206033 2.57260165126213 -2.3871348414932245
-0.24558667533279116 2.5875050083857847 -2.4002657068852384
-0.24326605254376832 2.6025011471715174 -2.413290772561897
-0.24094724407944004 2.6175885422024012 -2.4262103690615437
-0.23863067914303204 2.6327656776565957 -2.4390248526186054
-0.23631676868779794 2.6480310483714766 -2.4517346039793697
-0.23400590604753277 2.663383160820397 -2.464340027244456
-0.23169846754692497 2.6788205340065807 -2.476841548738763
-0.22939481309230603 2.6943417002785237 -2.489239615909526
-0.2270952867433636 2.7099452060711537 -2.50153469625296
-0.22480021726635477 2.7256296125768382 -2.5137272762698406
-0.22250991866937153 2.741393496350214 -2.5258178604502395
-0.2202246907201833 2.7572354498506355 -2.5378069702875323
-0.21794481944718025 2.7731540819259153 -2.5496951433216863
-0.2156705776239281 2.789148018240863 -2.561482932211748
-0.21340222523783653 2.8052159016539853 -2.5731709038373736
-0.21114000994342907 2.821356392545563 -2.584759638429165
-0.2088841675006929 2.837568169100178 -2.59624972872752
-0.20663492219897725 2.8538499275466065 -2.6076417791696382
-0.20439248726689427 2.870200382357869 -2.6189364051042916
-0.20215706526866398 2.8866182664140805 -2.6301342320339036
-0.19992884848733608 2.903102331130614 -2.6412358948834735
-0.1977080192953088 2.919651346553965 -2.652242037295823
-0.19549475051254947 2.936264101427564 -2.66315331095264
-0.19328920575291422 2.9529394032296916 -2.6739703749207613
-0.1910915397589499 2.969676078185503 -2.6846938950231207
-0.1889018987255506 2.9864729712550764 -2.6953245432337822
-0.18672042061283078 3.00332894609929 -2.7058629970964603
-0.18454723544856078 3.020242885025224 -2.7163099391659316
-0.1823824656205088 3.0372136889126944 -2.726666056471727
-0.1802262261590135 3.0542402771234216 -2.7369320400035075
-0.17807862501010416 3.071321587394257 -2.7471085842175116
-0.17593976329947797 3.088456575715802 -2.757196386563476
-0.1738097355876318 3.1056442161976774 -2.767196147031431
-0.1716886301164335 3.1228835009216094 -2.7771085677177783
-0.16957652904741322 3.1401734397834575 -2.7869343524100656
-0.16747350869203978 3.1575130603251957 -2.7966742061898784
-0.16537963973424982 3.1749014075578446 -2.8063288350532862
-0.16329498744547394 3.192337543776244 -2.8158989455482755
-0.16121961189240588 3.2098205483665256 -2.825385244428628
-0.1591535681377489 3.2273495176070877 -2.8347884383236996
-0.1570969064341736 3.244923564463803 -2.8441092334235782
-0.15504967241169382 3.2625418183801687 -2.8533483351790996
-0.153011907258687 3.280203425063037 -2.862506448016219
-0.1509836478967575 3.29790754626454 -2.8715842750642464
-0.148964927149643 3.315653359560767 -2.880582517897464
-0.14695577390635825 3.333440058127723 -2.8895018762896587
-0.14495621327876174 3.351266850515055 -2.898343047981109
-0.1429662667537249 3.3691329604180043 -2.9071067284575887
-0.14098595234007788 3.3870376264480035 -2.9157936107409483
-0.13901528471050448 3.4049801019023107 -2.9244043851908565
-0.13705427533854328 3.4229596545330465 -2.932939739317292
-0.13510293263086254 3.4409755663159673 -2.9414003576033894
-0.13316126205494766 3.459027133219286 -2.9497869213382515
-0.13122926626236636 3.477113664972832 -2.958100108459355
-0.12930694520774214 3.4952344848378076 -2.9663405934041838
-0.12739429626357923 3.5133889293773954 -2.9745090469707427
-0.12549131433107774 3.5315763482284273 -2.9826061361866008
-0.1235979919470603 3.549796103874339 -2.990632524186141
-0.12171431938714546 3.5680475714195805 -2.9985888700956913
-0.11984028476528467 3.586330138365668 -3.006475828926229
-0.1179758741297832 3.6046432043890313 -3.0142940514733496
-0.11612107155591843 3.6229861811207944 -3.02204418422422
-0.11427585923526816 3.641358491928632 -3.0297268692712236
-0.1124402175618549 3.659759571700802 -3.0373427442320295
-0.11061412521521141 3.678188866632475 -3.0448924421758212
-0.10879755924046945 3.6966458340144497 -3.0523765915554275
-0.10699049512556798 3.715129942024332 -3.059795816145111
-0.10519290687567336 3.7336406695202715 -3.0671507349837723
-0.1034047670849117 3.7521775058372957 -3.0744419623233443
-0.10162604700549006 3.770739950586327 -3.0816701075821475
-0.09985671661430477 3.7893275134559072 -3.088835775302996
-0.09809674467711285 3.8079397140166957 -3.0959395651158452
-0.09634609881034784 3.8265760815287555 -3.10298207170478
-0.09460474554066296 3.8452361547516767 -3.109963884779147
-0.09287265036227392 3.8639194817575446 -3.1168855890486538
-0.09114977779217401 3.882625619746784 -3.1237477642022426
-0.08943609142329642 3.9013541348668856 -3.1305509848905717
-0.08773155397568828 3.9201046020340247 -3.1372958207119375
-0.08603612734576949 3.9388766047575765 -3.1439828362014737
-0.08434977265373345 3.957669734967534 -3.150612590823471
-0.08267245028915807 3.9764835928448132 -3.1571856389666695
-0.08100411995488638 3.9953177866544514 -3.1637025299423818
-0.07934474070923321 4.014171932581683 -3.1701638079852987
-0.07769427100657796 4.033045654570874 -3.1765700122568554
-0.07605266873639796 4.05193858416732 -3.182921676851021
-0.0744198912607934 4.070850360361854 -3.1892193308023904
-0.07279589545055933 4.08978062943829 -3.1954634980964602
-0.07118063771985128 4.108729044823634 -3.201654697681971
-0.06957407405949294 4.1276952669410765 -3.2077934434852087
-0.06797616006897801 4.146678963065714 -3.2138802444261585
-0.06638685098720332 4.165679807182986 -3.2199156044364083
-0.06480610172198614 4.18469747984979 -3.2259000224787036
-0.0632338668783993 4.203731668058259 -3.231833992568063
-0.06167010078596964 4.222782065102153 -3.237718003794359
-0.0601147575247825 4.241848370445838 -3.2435525403462857
-0.058567790950524654 4.260930289595829 -3.249338081536617
-0.05702915471850795 4.280027533974853 -3.255075101828692
-0.05549880230670355 4.2991398207983975 -3.2607640708640377
-0.05397668703782936 4.318266872953712 -3.2664054534910636
-0.05246276210051938 4.337408418881237 -3.271999709794752
-0.05095698056960791 4.3565641924583955 -3.2775472951272846
-0.04945929542555981 4.375733932885752 -3.2830486601395323
-0.047969659573082246 4.394917384575467 -3.2885042508133533
-0.04648802585893554 4.414114297042026 -3.2939145084946353
-0.04501434708898947 4.433324424795208 -3.2992798699270307
-0.04354857604453207 4.452547527235249 -3.304600767286324
-0.042090665497876364 4.471783368550171 -3.3098776282153874
-0.04064056822727716 4.491031717615231 -3.315110875859668
-0.03919823703118838 4.510292347894464 -3.3203009289031638
-0.037763624741885486 4.529565037344272 -3.325448201604843
-0.03633668423847432 4.548849568319037 -3.330553103835461
-0.03491736845930859 4.568145727478701 -3.335616041114739
-0.03350563041383954 4.587453305698297 -3.3406374146488567
-0.032101423193918587 4.606772097979387 -3.3456176213682323
-0.030704699984568942 4.626101903363368 -3.3505570539655447
-0.02931541407425013 4.645442524846616 -3.3554561009339707
-0.027933518864636124 4.664793769297428 -3.3603151466056005
-0.026558967879917256 4.684155447374741 -3.365134571190003
-0.025191714775651845 4.70352737344857 -3.3699147508129124
-0.023831713347179505 4.722909365522155 -3.374656057555003
-0.022478917537613444 4.742301245155768 -3.379358859490735
-0.021133281445431362 4.761702837392157 -3.384023520727238
-0.01979475933167072 4.781113970683585 -3.388650401443213
-0.018463305626758363 4.800534476820442 -3.3932398579278247
-0.017138874936970406 4.819964190861385 -3.397792242619573
-0.01582142205055176 4.839402951064999 -3.4023079041451116
-0.014510901943499768 4.858850598822911 -3.4067871873580047
-0.01320726978502767 4.878306978594364 -3.4112304333773937
-0.011910480942718502 4.897771937842202 -3.4156379796265677
-0.010620490987385878 4.917245326970231 -3.4200101598714108
-0.009337255697645278 4.936726999261949 -3.4243473042587214
-0.008060731064214788 4.956216810820596 -3.4286497393543782
-0.006790873293953518 4.9757146205105 -3.4329177881813497
-0.005527638813641404 4.995220289899705 -3.4371517702575276
-0.0042709842735238635 5.014733683203839 -3.4413520016333727
-0.003020866550617127 5.034254667231195 -3.445518794929368
-0.0017772427517907352 5.053783111329018 -3.44965245937326
-0.000540070216638034 5.073318887330947 -3.4537533008370827
0.0006906934798638339 5.092861869505601 -3.4578216218739595
0.0019150905248887637 5.11241193450629 -3.4618577217546633
0.0031331628654929964 5.131968961321813 -3.4658618965039376
0.0043449522065190154 5.151532831228321 -3.4698344389365667
0.005550500008684932 5.171103427742242 -3.4737756386931857
0.0067498474868342775 5.190680636574209 -3.4776857822758296
0.00794303560835131 5.210264345584005 -3.481565153083211
0.009130105091728197 5.229854444736484 -3.485414031445722
0.01031109640528381 5.24945082605844 -3.4892326946601595
0.011486049766017211 5.269053383596428 -3.493021417024161
0.012655005138606451 5.288662013375489 -3.4967804698703553
0.013818002234529177 5.308276613358776 -3.500510121600218
0.014975080511311552 5.327897083408062 -3.504210637717636
0.016126279171898926 5.347523325245086 -3.507882280862167
0.01727163716413544 5.3671552424137605 -3.5115253108420017
0.018411193180357267 5.386792740243182 -3.5151399846666225
0.019544985657084995 5.406435725811452 -3.5187265565791535
0.020673052774821912 5.426084107910267 -3.5222852780884057
0.021795432457944512 5.445737797010298 -3.5258163980006128
0.02291216237468572 5.465396705227295 -3.5293201624508557
0.02402327993720277 5.485060746288938 -3.532796814934177
0.025128822301727624 5.504729835502399 -3.5362465963363827
0.026228826368805042 5.524403889722604 -3.5396697449645345
0.02732332878359283 5.544082827321183 -3.543066496577125
0.02841236593624518 5.563766568156077 -3.5464370844139435
0.02949597396236323 5.583455033541822 -3.549781739225629
0.030574188743502928 5.60314814622044 -3.5531006893029105
0.031647045907757715 5.62284583033299 -3.5563941605055347
0.032714580830389785 5.642548011391702 -3.5596623762908837
0.03377682863452377 5.662254616252725 -3.5629055577422823
0.0348338241918941 5.681965573089449 -3.5661239235969964
0.035885602123641176 5.701680811366406 -3.56931769027392
0.036932196801153824 5.7214002618137245 -3.5724870719009596
0.03797364234696318 5.741123856402132 -3.575632280342109
0.0390099726356783 5.7608515283184865 -3.5787535252242204
0.04004122129496103 5.780583211941832 -3.581851013963475
0.041067421706539146 5.800318842819971 -3.5849249517915496
0.04208860700726084 5.820058357646523 -3.5879755417814816
0.043104810090179295 5.8398016942384725 -3.5910029848732425
0.044116063605675854 5.859548791514208 -3.59400747989901
0.045122399962606606 5.879299589472005 -3.596989223608146
0.046123851329483774 5.899054029168976 -3.599948410691887
0.04712044963568464 5.9188120527004715 -3.60288523380774
0.04811222657268135 5.9385736031799015 -3.6057998836035923
0.049099213595302844 5.958338624718988 -3.608692548741536
0.05008144192300926 5.978107062408443 -3.611563415921409
0.051058942541195605 5.997878862299043 -3.6144126699040533
0.052031746202514245 6.017653971383094 -3.6172404935342968
0.05299988342821126 6.037432337576306 -3.620047067763657
0.05396338450948579 6.057213909700033 -3.622832571672771
0.05492227950885569 6.07699863746388 -3.6255971824935567
0.05587659826155265 6.096786471448689 -3.628341075631098
0.05682637037691648 6.11657736308987 -3.631064424685272
0.05777162523980814 6.136371264661077 -3.633767401472105
0.058712392012035555 6.156168129258234 -3.6364501760448706
0.05964869963378376 6.175967910783882 -3.6391129167149283
0.06058057682506395 6.1957705639318545 -3.641755790072305
0.06150805208715829 6.215576044172278 -3.644378961006023
0.062431153704083434 6.235384307736867 -3.646982592724175
0.06334990974405383 6.255195311604541 -3.649566846773754
0.06426434806095327 6.275009013487323 -3.6521318830602336
0.06517449629581208 6.294825371816537 -3.6546778598669065
0.06608038187828653 6.314644345729289 -3.6572049338739814
0.06698203202814222 6.334465895055219 -3.6597132601774427
0.06787947375674212 6.354289980303533 -3.662202992307672
0.06877273386853477 6.374116562650296 -3.6646742822478404
0.06966183896254474 6.393945603925984 -3.667127280452066
0.07054681543386507 6.413777066603295 -3.6695621358633455
0.07142768947514441 6.433610913785204 -3.6719789959312625
0.07230448707808318 6.453447109193257 -3.6743780066294693
0.07317723403492406 6.473285617156115 -3.67675931247295
0.07404595593993753 6.493126402598323 -3.6791230565350665
0.07491067819091228 6.512969431029301 -3.681469380464389
0.0757714259906411 6.532814668532568 -3.683798424501315
0.07662822434840409 6.552662081755177 -3.6861103274944735
0.07748109808144403 6.572511637897367 -3.6884052269169296
0.07833007181644908 6.5923633047024195 -3.6906832588821774
0.07917516999102199 6.612217050446721 -3.6929445581599323
0.08001641685514836 6.632072843930024 -3.6951892581917245
0.08085383647266353 6.651930654465901 -3.6974174911062927
0.08168745272270765 6.6717904518724005 -3.699629387734784
0.08251728930118332 6.691652206462868 -3.701825077625761
0.08334336972220265 6.711515889036971 -3.704004689060016
0.08416571731953251 6.731381470871892 -3.7061683490652007
0.08498435524802786 6.751248923713703 -3.7083161834302674
0.08579930648506655 6.771118219768895 -3.710448316719727
0.0866105938319714 6.7909893316961 -3.712564872287728
0.08741823991543016 6.810862232597957 -3.714665972291953
0.08822226718890509 6.830736896013144 -3.7167517377073422
0.08902269793403882 6.850613295908571 -3.718822288339641
0.089819554262048 6.870491406671724 -3.7208777428387734
0.09061285811511809 6.890371203103155 -3.7229182187120498
0.09140263126777859 6.910252660409127 -3.7249438323372033
0.09218889532828589 6.930135754194396 -3.7269546989752618
0.09297167173998126 6.95002046045514 -3.728950932783257
0.09375098178265574 6.969906755572018 -3.7309326468267723
0.09452684657389579 6.989794616303377 -3.732899953092328
0.09529928707043092 7.009684019778573 -3.7348529624996147
0.09606832406946206 7.029574943491439 -3.7367917849135686
0.0968339782099918 7.049467365293871 -3.738716529156292
0.0975962699741387 7.069361263389537 -3.7406273030188264
0.09835521968844625 7.0892566163277095 -3.7425242132727736
0.09911084752518401 7.109153402997222 -3.7444073656817713
0.09986317350363641 7.12905160262053 -3.7462768650128226
0.10061221749138625 7.148951194747896 -3.748132815047481
0.10135799920558991 7.168852159251685 -3.7499753185928975
0.10210053821424067 7.188754476320763 -3.751804477492724
0.102839853937422 7.208658126455009 -3.7536203926378815
0.10357596564855814 7.228563090459928 -3.7554231639771913
0.10430889247564869 7.248469349441371 -3.757212890527873
0.10503865340250057 7.268376884800345 -3.7589896703859096
0.1057652672699444 7.288285678227938 -3.760753600736281
0.10648875277704553 7.308195711700326 -3.7625047778630702
0.10720912848230496 7.328106967473877 -3.7642432971594433
0.10792641280485582 7.348019428080355 -3.7659692531375
0.10864062402564255 7.367933076322204 -3.7676827394380052
0.10935178028859192 7.387847895267933 -3.7693838488399947
0.1100598996017856 7.407763868247572 -3.7710726732702633
0.11076499983860995 7.427680978848227 -3.7727493038127315
0.11146709873890547 7.447599210909713 -3.7744138307176978
0.11216621391009986 7.467518548520266 -3.776066343410971
0.11286236282834433 7.487438976012341 -3.777706930502894
0.11355556283962541 7.507360477958482 -3.77933567979725
0.11424583116087703 7.527283039167271 -3.7809526783000607
0.11493318488108524 7.547206644679356 -3.7825580122282725
0.11561764096237537 7.567131279763553 -3.7841517670183373
0.11629921624109926 7.5870569299129995 -3.785734027334684
0.11697792742890582 7.606983580841422 -3.7873048770780864
0.11765379111380746 7.62691121847942 -3.788864399393927
0.1183268237612393 7.646839828970865 -3.790412676680357
0.118997041715102 7.666769398669337 -3.7919497905963575
0.119664461198802 7.686699914134631 -3.7934758220696994
0.12032909831628331 7.706631362129339 -3.7949908513048043
0.12099096905304497 7.726563729615482 -3.796494957790511
0.12165008927715651 7.74649700375121 -3.797988220307743
0.12230647474025733 7.766431171887557 -3.7994707169370843
0.1229601410785559 7.786366221565265 -3.8009425250662607
0.12361110381381495 7.806302140511651 -3.802403721397529
0.12425937835432611 7.826238916637543 -3.803854381954974
0.12490497999588487 7.846176538034267 -3.8052945820917223
0.12554792392274342 7.866114992970687 -3.8067243964970583
0.12618822520857098 7.886054269890301 -3.808143899203461
0.12682589881739129 7.905994357408388 -3.809553163593551
0.12746095960452272 7.925935244309204 -3.8109522624069543
0.1280934223175054 7.945876919543237 -3.8123412677470814
0.12872330159701398 7.965819372224498 -3.8137202510878234
0.12935061197777983 7.985762591627869 -3.8150892832801695
0.12997536788948222 8.005706567186499 -3.81644843455874
0.1305975836576515 8.025651288489241 -3.8177977745482443
0.13121727350454993 8.045596745278141 -3.8191373722698576
0.131834451550057 8.065542927445964 -3.8204672961475215
0.1324491318125353 8.08548982503377 -3.821787614014169
0.1330613282096935 8.105437428228534 -3.8230983931178737
0.1336710545594457 8.125385727360799 -3.824399700127925
0.13427832458075517 8.14533471290238 -3.8256916011408304
0.13488315189447644 8.165284375464106 -3.826974161686246
0.13548555002418824 8.185234705793595 -3.8282474467328345
0.13608553239701468 8.205185694773078 -3.829511520694054
0.1366831123444443 8.225137333417257 -3.830766447433879
0.1372783031031448 8.245089612871197 -3.832012290272449
0.1378711178157558 8.265042524408264 -3.833249111991654
0.138461569531694 8.28499605942808 -3.8344769748406513
0.13904967120793335 8.304950209454542 -3.835695940541315
0.13963543570979195 8.324904966133852 -3.8369060702936246
0.1402188758116987 8.344860321232586 -3.8381074247809868
0.1408000041979669 8.364816266635806 -3.8393000641754944
0.14137883346354793 8.384772794345194 -3.8404840481431246
0.14195537611478787 8.404729896477223 -3.8416594358488743
0.14252964457016948 8.42468756526136 -3.8428262859618347
0.14310165116105258 8.4446457930383 -3.843984656660208
0.1436714081324089 8.464604572258224 -3.845134605636261
0.14423892764354168 8.484563895479097 -3.846276190101226
0.14480422176880745 8.504523755364986 -3.8474094667901393
0.14536730249832694 8.524484144684415 -3.848534491966626
0.14592818173868946 8.544445056308742 -3.8496513214276273
0.14648687131365387 8.564406483210563 -3.8507600105080733
0.14704338296483957 8.58436841846215 -3.8518606140855
0.14759772835241214 8.604330855233908 -3.8529531865846147
0.14814991905576194 8.624293786792864 -3.854037781981806
0.1486999665741804 8.644257206501173 -3.8551144538096027
0.1492478823275229 8.664221107814665 -3.856183255161081
0.1497936776568752 8.6841854842814 -3.8572442386942196
0.1503373638252034 8.70415032954025 -3.8582974566362056
0.15087895201800325 8.724115637319521 -3.8593429607876897
0.15141845334394252 8.744081401435574 -3.8603808025269926
0.15195587883550224 8.76404761579149 -3.861411032814264
0.1524912394496008 8.784014274375743 -3.862433702195592
0.1530245460682229 8.8039813712609 -3.8634488608070665
0.15355580949903855 8.823948900602346 -3.864456558378795
0.15408504047601487 8.84391685663703 -3.865456844238873
0.15461224966002646 8.863885233682225 -3.8664497673173113
0.15513744763945544 8.883854026134316 -3.8674353761499125
0.1556606449307865 8.903823228467596 -3.86841371888211
0.1561818519791997 8.923792835233108 -3.8693848432727593
0.15670107915915987 8.943762841057472 -3.8703487966978867
0.15721833677498817 8.96373324064176 -3.8713056261543963
0.15773363506144406 8.983704028760373 -3.872255378263735
0.15824698418428948 9.003675200259943 -3.8731980992755157
0.15875839424085988 9.02364675005825 -3.874133835071099
0.15926787526061345 9.043618673143156 -3.875062631167135
0.15977543720569523 9.06359096457157 -3.875984532719066
0.1602810899714778 9.083563619468404 -3.8768995845245886
0.1607848433871073 9.103536633025566 -3.8778078310270776
0.161286707216044 9.12351000050097 -3.8787093163189708
0.16178669115659056 9.14348371721755 -3.8796040841451167
0.16228480484242966 9.163457778562291 -3.8804921779060844
0.1627810578431369 9.183432179985301 -3.8813736406614368
0.16327545966470594 9.20340691699885 -3.882248515132967
0.1637680197500637 9.223381985176472 -3.8831168437078993
0.16425874747957564 9.24335738015206 -3.8839786684420528
0.16474765217155168 9.263333097618974 -3.8848340310629723
0.16523474308274913 9.283309133329158 -3.885682972973024
0.16572002940886243 9.303285483092301 -3.8865255352524555
0.16620352028502056 9.32326214277497 -3.887361758662423
0.16668522478626596 9.343239108299791 -3.8881916836479857
0.16716515192804157 9.363216375644624 -3.8890153503410656
0.1676433106666684 9.383193940841752 -3.889832798563377
0.16811970989981523 9.4031717999771 -3.8906440678293217
0.16859435846697218 9.423149949189442 -3.891449197348854
0.16906726514990666 9.443128384669643 -3.8922482260303126
0.16953843867313223 9.463107102659894 -3.8930411924832247
0.17000788770435843 9.483086099452965 -3.8938281350210753
0.1704756208549487 9.503065371391491 -3.8946090916640506
0.17094164668036144 9.523044914867231 -3.8953841001417473
0.17140597368059596 9.543024726320368 -3.896153197895857
0.1718686103006312 9.56300480223881 -3.8969164220828176
0.17232956493086582 9.5829851391575 -3.897673809576438
0.17278884590754165 9.602965733657744 -3.8984253969704947
0.17324646151317735 9.622946582366538 -3.899171220581298
0.17370241997698913 9.642927681955921 -3.899911316450235
0.17415672947530975 9.662909029142323 -3.9006457203462785
0.17460939813201032 9.682890620685935 -3.901374467768478
0.17506043401890234 9.702872453390079 -3.902097593948414
0.1755098451561566 9.722854524100592 -3.9028151338526342
0.17595763951269888 9.742836829705231 -3.90352712218506
0.17640382500661692 9.762819367133062 -3.9042335933893653
0.17684840950555464 9.782802133353877 -3.9049345816513354
0.1772914008271096 9.802785125377627 -3.905630120901196
0.1777328067392168 9.822768340253834 -3.90632024481592
0.17817263496054117 9.842751775071042 -3.907004986821508
0.1786108931608577 9.862735426956268 -3.907684380095247
0.1790475889614332 9.882719293074452 -3.908358457567942
0.1794827299353979 9.902703370627917 -3.909027251926128
0.17991632360812576 9.92268765685586 -3.9096907956142557
0.18034837745760054 9.942672149033815 -3.9103491208368544
0.18077889891477675 9.962656844473154 -3.9110022595606733
0.18120789536395 9.982641740520577 -3.9116502435168
0.18163537414311168 10.002626834557619 -3.9122931042027562
0.18206134254431128 10.022612124000167 -3.912930872884573
0.18248580781400314 10.042597606297972 -3.9135635805988414
0.18290877715339834 10.06258327893418 -3.914191258154746
0.1833302577188137 10.082569139424871 -3.9148139361360723
0.18375025662201572 10.102555185318584 -3.915431644903198
0.18416878093055455 10.122541414195885 -3.916044414595059
0.1845858376681121 10.14252782366891 -3.9166522751311
0.185001433814828 10.162514411380931 -3.917255256213201
0.18541557630763697 10.182501175005925 -3.917853387327584
0.18582827204059432 10.202488112248144 -3.918446697746704
0.18623952786520329 10.222475220841698 -3.919035216531115
0.1866493505907387 10.24246249855015 -3.919618972531321
0.18705774698456018 10.262449943166098 -3.920197994389607
0.18746472377244203 10.282437552510784 -3.920772310541848
0.1878702876388753 10.302425324433692 -3.921341949219306
0.1882744452273862 10.322413256812167 -3.921906938450401
0.18867720314084457 10.34240134755103 -3.92246730606247
0.18907856794176883 10.362389594582199 -3.923023079683507
0.18947854615262597 10.382377995864315 -3.92357428674388
0.1898771442561405 10.402366549382387 -3.924120954478038
0.19027436869558392 10.422355253147424 -3.924663109926197
0.19067022587507534 10.442344105196076 -3.9252007799360067
0.19106472215987286 10.462333103590295 -3.925733991164206
0.1914578638766668 10.482322246416981 -3.926262770078256
0.19184965731386064 10.502311531787646 -3.926787142957962
0.19224010872185984 10.522300957838084 -3.9273071358970726
0.1926292243133597 10.542290522728033 -3.92782277480487
0.19301701026361964 10.562280224640856 -3.9283340854077378
0.19340347271074035 10.58227006178322 -3.928841093250718
0.19378861775594317 10.602260032384779 -3.9293438236990497
0.19417245146384018 10.622250134697865 -3.9298423019396926
0.1945549798627062 10.64224036699718 -3.930336552982837
0.19493620894474512 10.662230727579498 -3.9308266016633966
0.19531614466636266 10.682221214763365 -3.931312472642488
0.19569479294842118 10.702211826888806 -3.9317941904088944
0.1960721596765049 10.722202562317037 -3.9322717792805157
0.19644825070117866 10.742193419430178 -3.9327452634058035
0.19682307183824455 10.762184396630982 -3.9332146667651826
0.19719662886899908 10.782175492342544 -3.933680013172458
0.19756892754048253 10.802166705008037 -3.9341413262762073
0.1979399735657284 10.822158033090451 -3.9345986295611617
0.19830977262401703 10.842149475072311 -3.9350519463495703
0.1986783303611163 10.862141029455431 -3.935501299802554
0.1990456523895259 10.882132694760651 -3.935946712921443
0.19941174428871866 10.902124469527585 -3.936388208549106
0.19977661160538665 10.922116352314369 -3.936825809371259
0.20014025985367204 10.942108341697418 -3.93725953791777
0.20050269451540495 10.962100436271182 -3.9376894165639436
0.2008639210403348 10.982092634647916 -3.938115467531798
0.20122394484636388 11.00208493545742 -3.938537712891326
0.20158277131978108 11.022077337346834 -3.9389561745617474
0.2019404058154827 11.042069838980394 -3.939370874312746
0.2022968536572029 11.062062439039211 -3.9397818337656965
0.2026521201377334 11.082055136221047 -3.940189074394879
0.20300621051914713 11.102047929240095 -3.9405926175286816
0.20335913003302333 11.122040816826768 -3.9409924843507924
0.20371088388065642 11.142033797727475 -3.9413886959013786
0.2040614772332809 11.162026870704421 -3.941781273078255
0.2044109152322793 11.1820200345354 -3.9421702366380407
0.20475920298940098 11.202013288013578 -3.942555607197307
0.2051063455869663 11.222006629947312 -3.9429374052337116
0.2054523480780836 11.242000059159931 -3.9433156510871217
0.20579721548684846 11.261993574489555 -3.9436903649607293
0.20614095280855568 11.28198717478889 -3.9440615669221546
0.20648356500989842 11.301980858925052 -3.9444292769045366
0.2068250570291742 11.321974625779367 -3.944793514707617
0.20716543377648283 11.341968474247189 -3.9451542999988125
0.20750470013392894 11.361962403237724 -3.945511652314274
0.2078428609558152 11.38195641167384 -3.9458655910599405
0.20817992106883787 11.4019504984919 -3.9462161355125813
0.20851588527228548 11.421944662641573 -3.946563304820826
0.20885075833822372 11.441938903085683 -3.9469071180061888
0.2091845450116913 11.461933218800015 -3.9472475939640796
0.2095172500108915 11.481927608773162 -3.9475847514648086
0.20984887802737193 11.501922072006362 -3.9479186091545793
0.21017943372621709 11.521916607513317 -3.948249185556472
0.21050892174622896 11.541911214320058 -3.948576499071422
0.21083734670011253 11.56190589146476 -3.9489005679791824
0.21116471317465663 11.581900637997608 -3.949221410439284
0.2114910257309144 11.601895452980626 -3.9495390444919813
0.21181628890437612 11.621890335487533 -3.949853488059194
0.2121405072051568 11.641885284603598 -3.9501647589454367
0.21246368511816044 11.661880299425475 -3.9504728748387414
0.2127858271032643 11.681875379061076 -3.9507778533115703
0.21310693759548377 11.701870522629413 -3.9510797118217225
0.2134270210051504 11.721865729260465 -3.951378467713229
0.21374608171807205 11.741860998095033 -3.951674138217243
0.21406412409571127 11.761856328284603 -3.9519667404529195
0.21438115247534612 11.781851718991211 -3.952256291428287
0.21469717117024278 11.80184716938731 -3.952542808041113
0.2150121844698085 11.821842678655626 -3.9528263070797593
0.21532619663976907 11.841838245989047 -3.953106805224032
0.21563921192231553 11.861833870590477 -3.95338431904602
0.21595123453627815 11.881829551672716 -3.953658865010931
0.21626226867727708 11.901825288458332 -3.953930459477914
0.21657231851788192 11.921821080179544 -3.954199118700881
0.21688138820776853 11.941816926078088 -3.954464858829314
0.21718948187387904 11.961812825405104 -3.9547276959090705
0.21749660362056628 11.98180877742102 -3.9549876458831785
0.21780275752975428 12.001804781395425 -3.955244724592626
0.21810794766108757 12.021800836606962 -3.9554989477771416
0.21841217805208377 12.041796942343213 -3.955750331075971
0.21871545271827483 12.061793097900578 -3.955998890028643
0.21901777565336428 12.081789302584175 -3.95624464007573
0.21931915082937017 12.101785555707721 -3.9564875965596036
0.2196195821967709 12.121781856593435 -3.9567277747251803
0.21991907368464989 12.141778204571914 -3.9569651897206635
0.2202176292008369 12.161774598982047 -3.9571998565982747
0.22051525263205424 12.181771039170902 -3.957431790314984
0.22081194784405364 12.201767524493619 -3.9576610057332275
0.2211077186817603 12.221764054313313 -3.957887517621626
0.2214025689694079 12.24176062800098 -3.9581113406556883
0.22169650251067488 12.261757244935392 -3.9583324894185163
0.22198952308882777 12.281753904502997 -3.958550978401499
0.2222816344668521 12.301750606097828 -3.958766822005003
0.22257284038758754 12.321747349121416 -3.958980034539054
0.22286314457386397 12.341744132982676 -3.959190630224015
0.22315255072862503 12.361740957097835 -3.9593986231912597
0.22344106253506932 12.381737820890335 -3.959604027483833
0.22372868365677834 12.401734723790732 -3.959806857057115
0.22401541773784311 12.421731665236626 -3.9600071257794722
0.22430126840299403 12.441728644672558 -3.9602048474329066
0.22458623925772567 12.461725661549941 -3.9604000357136973
0.22487033388842814 12.481722715326953 -3.9605927042330378
0.2251535558625105 12.501719805468467 -3.960782866517666
0.225435908728519 12.521716931445967 -3.960970536010492
0.22571739601626692 12.541714092737468 -3.9611557260712154
0.22599802123695914 12.56171128882743 -3.9613384499769415
0.2262777878833057 12.581708519206675 -3.961518720922792
0.22655669942964685 12.601705783372319 -3.9616965520225063
0.22683475933207528 12.62170308082769 -3.9618719563090425
0.22711197102854452 12.64170041108225 -3.962044946735171
0.22738833793900212 12.661697773651513 -3.9622155361740607
0.22766386346549228 12.681695168056988 -3.962383737419867
0.2279385509922778 12.70169259382609 -3.962549563188305
0.22821240388595596 12.721690050492068 -3.9627130261172274
0.2284854254955688 12.741687537593943 -3.9628741387671904
0.22875761915272108 12.761685054676432 -3.963032913622018
0.22902898817169234 12.781682601289875 -3.963189363089362
0.22929953584954002 12.801680176990168 -3.9633434995012538
0.2295692654662214 12.821677781338696 -3.963495335114655
0.22983818028469846 12.841675413902268 -3.963644882112004
0.23010628355104448 12.861673074253044 -3.963792152601751
0.23037357849455545 12.88167076196848 -3.9639371586188985
0.23064006832785808 12.901668476631245 -3.9640799121255292
0.230905756247011 12.921666217829182 -3.9642204250113333
0.23117064543161364 12.941663985155227 -3.9643587090941295
0.23143473904491688 12.961661778207345 -3.9644947761203837
0.2316980402339155 12.981659596588491 -3.9646286377657214
0.23196055212946234 13.001657439906516 -3.964760305635436
0.23222227784636115 13.02165530777414 -3.9648897912649943
0.23248322048347841 13.041653199808865 -3.965017106120535
0.23274338312383647 13.06165111563294 -3.965142261599367
0.23300276883471668 13.081649054873289 -3.965265269030458
0.23326138066775878 13.101647017161458 -3.9653861396749255
0.2335192216590578 13.121645002133558 -3.9655048847265184
0.23377629482926635 13.141643009430213 -3.9656215153120966
0.23403260318368557 13.161641038696501 -3.9657360424921078
0.23428814971236692 13.181639089581902 -3.965848477261057
0.2345429373902087 13.201637161740248 -3.9659588305479763
0.23479696917704232 13.221635254829662 -3.9660671132168868
0.23505024801773747 13.241633368512513 -3.9661733360672597
0.23530277684229006 13.261631502455364 -3.9662775098344714
0.23555455856591503 13.281629656328919 -3.966379645190256
0.23580559608913929 13.301627829807973 -3.9664797527431555
0.23605589229789622 13.321626022571367 -3.966577843038961
0.23630545006361178 13.341624234301928 -3.9666739265611564
0.2365542722432976 13.361622464686443 -3.9667680137313566
0.2368023616796387 13.381620713415579 -3.9668601149097387
0.2370497212010854 13.401618980183866 -3.9669502403954744
0.23729635362193927 13.421617264689637 -3.967038400427156
0.2375422617424405 13.441615566634981 -3.967124605183219
0.23778744834885537 13.461613885725706 -3.9672088647823642
0.23803191621356135 13.481612221671284 -3.96729118928397
0.23827566809513603 13.501610574184811 -3.96737158868851
0.2385187067384373 13.521608942982972 -3.9674500729379583
0.23876103487469008 13.541607327785982 -3.967526651916199
0.23900265522157624 13.561605728317558 -3.9676013354494275
0.23924357048330439 13.581604144304867 -3.9676741333065504
0.2394837833507033 13.601602575478491 -3.967745055199581
0.2397232965013014 13.621601021572383 -3.967814110784035
0.2399621125994058 13.64159948232383 -3.967881309659317
0.24020023429618795 13.661597957473404 -3.9679466613691106
0.24043766422975119 13.681596446764937 -3.968010175401759
0.24067440502522888 13.70159494994547 -3.9680718611906483
0.2409104592948491 13.721593466765219 -3.9681317281145834
0.24114582963802073 13.741591996977537 -3.9681897854981627
0.24138051864140428 13.76159054033888 -3.96824604261215
0.24161452887899812 13.781589096608759 -3.9683005086738423
0.24184786291220628 13.80158766554972 -3.968353192847436
0.24208052328992122 13.82158624692729 -3.9684041042443887
0.24231251254859457 13.841584840509956 -3.9684532519237803
0.2425438332123168 13.861583446069123 -3.9685006448926674
0.24277448779289043 13.88158206337908 -3.96854629210644
0.24300447878990336 13.901580692216964 -3.9685902024691697
0.24323380869079841 13.921579332362729 -3.968632384833961
0.2434624799709552 13.941577983599114 -3.9686728480032945
0.24369049509375312 13.961576645711606 -3.9687116007293706
0.24391785651064954 13.981575318488403 -3.9687486517144497
0.24414456666124804 14.001574001720396 -3.9687840096111895
0.2443706279733726 14.021572695201126 -3.9688176830229795
0.24459604286313225 14.041571398726749 -3.968849680504273
0.24482081373500028 14.06157011209602 -3.968880010560917
0.24504494298187152 14.081568835110243 -3.9689086816504786
0.24526843298514095 14.101567567573264 -3.968935702182569
0.245491286114772 14.121566309291412 -3.9689610805191657
0.24571350472935222 14.141565060073496 -3.9689848249749318
0.2459350911761791 14.161563819730768 -3.9690069438175324
0.2461560477913111 14.181562588076876 -3.969027445267948
0.24637637689964323 14.201561364927866 -3.969046337500788
0.24659608081497192 14.221560150102128 -3.969063628644598
0.2468151618400535 14.241558943420385 -3.9690793267821682
0.2470336222666834 14.261557744705653 -3.969093439950837
0.2472514643757433 14.281556553783226 -3.9691059761427936
0.24746869043728226 14.301555370480635 -3.969116943305377
0.24768530271056519 14.32155419462764 -3.9691263493413738
0.24790130344414882 14.341553026056179 -3.969134202109314
0.24811669487593802 14.361551864600367 -3.969140509423763
0.2483314792332473 14.381550710096457 -3.969145279055612
0.24854565873286477 14.401549562382815 -3.969148518732367
0.24875923558111476 14.421548421299903 -3.9691502361384337
0.2489722119739196 14.441547286690238 -3.9691504389154026
0.24918459009685404 14.461546158398386 -3.96914913466233
0.2493963721252113 14.481545036270932 -3.969146330936018
0.24960756022406472 14.501543920156449 -3.9691420352512905
0.24981815654831882 14.521542809905483 -3.9691362550812705
0.25002816324277843 14.541541705370523 -3.969128997857651
0.2502375824422006 14.561540606405988 -3.9691202709709676
0.2504464162713516 14.581539512868193 -3.9691100817708667
0.2506546668450692 14.601538424615331 -3.9690984375663727
0.2508623362683207 14.621537341507457 -3.9690853456261523
0.25106942663625603 14.641536263406454 -3.9690708131787775
0.2512759400342666 14.661535190176025 -3.9690548474129868
0.25148187853803566 14.681534121681658 -3.969037455477944
0.2516872442136072 14.701533057790616 -3.969018644483494
0.25189203911742775 14.721531998371908 -3.9689984215004186
0.2520962652964121 14.741530943296278 -3.96897679356069
0.2522999247879853 14.761529892436174 -3.968953767657721
0.2525030196201528 14.781528845665735 -3.9689293507466132
0.25270555181154214 14.801527802860766 -3.968903549744407
0.2529075233714637 14.821526763898726 -3.9688763715303237
0.25310893629995657 14.8415257286587 -3.9688478229460116
0.2533097925878454 14.861524697021387 -3.968817910795787
0.25351009421680026 14.881523668869077 -3.9687866418468722
0.25370984315937367 14.901522644085626 -3.9687540228296374
0.2539090413790639 14.921521622556455 -3.9687200604378337
0.25410769083036205 14.941520604168517 -3.968684761328828
0.25430579345880544 14.961519588810285 -3.968648132123838
0.2545033512010249 14.981518576371728 -3.9686101794081607
0.25470036598479795 15.001517566744305 -3.968570909731403
0.2548968397290994 15.021516559820927 -3.968530329607708
0.2550927743441444 15.041515555495975 -3.9684884455159835
0.25528817173144924 15.061514553665239 -3.9684452639001235
0.2554830337838706 15.081513554225939 -3.968400791169232
0.25567736238565947 15.101512557076685 -3.9683550336978435
0.255871159412507 15.121511562117469 -3.9683079978261424
0.2560644267315914 15.141510569249652 -3.9682596898601807
0.25625716620163036 15.161509578375941 -3.9682101160720937
0.2564493796729275 15.181508589400377 -3.968159282700315
0.25664106898741074 15.201507602228318 -3.9681071959497887
0.2568322359786957 15.221506616766428 -3.96805386199218
0.2570228824721131 15.241505632922655 -3.967999286966087
0.2572130102847718 15.261504650606216 -3.967943476977247
0.25740262122559265 15.281503669727588 -3.967886438098743
0.25759171709536094 15.301502690198491 -3.967828176371211
0.2577802996867659 15.321501711931875 -3.96776869780304
0.257968370784453 15.341500734841894 -3.9677080083705785
0.2581559321650629 15.36149975884391 -3.967646114018331
0.2583429855972796 15.381498783854466 -3.9675830206591596
0.2585295328418686 15.401497809791278 -3.967518734174481
0.2587155756517276 15.421496836573214 -3.967453260414462
0.2589011157719281 15.441495864120295 -3.967386605198216
0.25908615493975073 15.46149489235366 -3.9673187743139953
0.2592706948847436 15.481493921195577 -3.9672497735193826
0.25945473732874647 15.501492950569409 -3.9671796085414828
0.2596382839859518 15.521491980399615 -3.9671082850771118
0.2598213365629314 15.541491010611729 -3.9670358087929833
0.26000389675868946 15.561490041132354 -3.9669621853258974
0.2601859662646954 15.58148907188914 -3.9668874202829234
0.26036754676493257 15.601488102810782 -3.966811519241585
0.2605486399359298 15.621487133827001 -3.966734487750043
0.2607292474468125 15.64148616486854 -3.9666563313272745
0.26090937095933703 15.661485195867137 -3.966577055463256
0.2610890121279337 15.681484226755531 -3.9664966656191383
0.26126817259974316 15.701483257467434 -3.966415167227427
0.26144685401466183 15.721482287937532 -3.966332565692156
0.26162505800537406 15.741481318101469 -3.9662488663890643
0.26180278619739233 15.761480347895835 -3.966164074665767
0.261980040209106 15.781479377258155 -3.96607819584193
0.26215682165180637 15.801478406126877 -3.96599123520944
0.2623331321297337 15.821477434441364 -3.9659031980325743
0.2625089732401155 15.841476462141882 -3.9658140895481684
0.26268434657319817 15.86147548916959 -3.9657239149657855
0.262859253712287 15.881474515466527 -3.965632679467881
0.26303369623379086 15.901473540975605 -3.9655403882099676
0.2632076757072504 15.921472565640594 -3.9654470463207803
0.2633811936953738 15.941471589406117 -3.9653526589024377
0.2635542517540853 15.961470612217639 -3.9652572310306042
0.26372685143254854 15.981469634021455 -3.965160767754651
0.2638989942732134 16.00146865476468 -3.965063274097813
0.2640706818118419 16.021467674395236 -3.96496475505735
0.2642419155775497 16.04146669286186 -3.9648652156047017
0.26441269709284454 16.06146571011407 -3.964764660685644
0.26458302787365195 16.08146472610217 -3.9646630952204442
0.2647529094293632 16.101463740777238 -3.9645605241040136
0.2649223432628553 16.12146275409112 -3.9644569522060618
0.2650913308705411 16.141461765996414 -3.9643523843712467
0.2652598737423946 16.16146077644646 -3.964246825419326
0.26542797336198204 16.18145978539535 -3.964140280145306
0.2655956312065028 16.201458792797887 -3.9640327533195907
0.2657628487468258 16.22145779860961 -3.963924249688128
0.2659296274475117 16.24145680278676 -3.9638147739725573
0.2660959687668536 16.26145580528629 -3.963704330870354
0.2662618741569122 16.281454806065838 -3.963592925054974
0.2664273450635443 16.30145380508374 -3.9634805611759973
0.2665923829264357 16.321452802299 -3.9633672438592695
0.26675698917913876 16.341451797671297 -3.9632529777070435
0.26692116524909626 16.36145079116098 -3.9631377672981207
0.26708491255768413 16.381449782729046 -3.9630216171879886
0.26724823252022994 16.401448772337133 -3.9629045319089604
0.2674111265460574 16.42144775994753 -3.9627865159703126
0.26757359603850994 16.441446745523155 -3.9626675738584205
0.2677356423949898 16.46144572902754 -3.962547710036895
0.2678972670069759 16.48144471042486 -3.962426928946715
0.26805847126006793 16.50144368967986 -3.962305235006364
0.2682192565340099 16.521442666757924 -3.9621826326119605
0.2683796242027248 16.54144164162501 -3.9620591261373908
0.2685395756343398 16.561440614247672 -3.9619347199344404
0.26869911219122206 16.58143958459305 -3.9618094183329227
0.26885823523000557 16.60143855262884 -3.9616832256408094
0.26901694610161825 16.62143751832332 -3.9615561461443582
0.2691752461513205 16.64143648164533 -3.9614281841082404
0.26933313671872305 16.66143544256425 -3.961299343775667
0.2694906191378271 16.681434401050026 -3.9611696293685146
0.2696476947370474 16.701433357073135 -3.96103904508745
0.269804364839235 16.721432310604577 -3.9609075951120554
0.26996063076172433 16.741431261615897 -3.9607752836009493
0.27011649381633923 16.761430210079148 -3.9606421146919106
0.2702719553094406 16.781429155966915 -3.960508092501999
0.270427016541942 16.801428099252277 -3.960373221127676
0.27058167880933975 16.821427039908816 -3.9602375046449247
0.2707359434017487 16.84142597791062 -3.960100947109369
0.2708898116039226 16.861424913232256 -3.959963552556391
0.2710432846952799 16.881423845848794 -3.9598253250012494
0.27119636394993296 16.901422775735757 -3.9596862684391954
0.2713490506367266 16.921421702869168 -3.9595463868455885
