# Stellarator field line 2
# X[m] Y[m] Z[m]
1.25 0.0 0.0
1.2498467481781916 0.019573095524218806 0.004106411634991805
1.249688275816115 0.03915550128884804 0.00815658957809892
1.2495251559103018 0.058747814757895506 0.012146772729668437
1.2493578572304163 0.07835057995602646 0.016073322355476594
1.249186649045803 0.097964393926382 0.01993217737096065
1.249011527839951 0.11758999228618852 0.02371836451833133
1.248832165560095 0.13722831236247762 0.027425568087211454
1.248647877652219 0.156880532831545 0.03104575969259603
1.2484576083238006 0.17654808876930678 0.03456888563980479
1.2482599299830763 0.1962326607090351 0.037982607595704154
1.2480530534719727 0.21593613583230023 0.04127209160889045
1.2478348454212742 0.23566053889279512 0.04441984091934179
1.2476028487247224 0.25540792997917694 0.04740556941745124
1.247354301692103 0.2751802658558144 0.05020611501627437
1.2470861508559805 0.2949792215050084 0.05279539555968289
1.2467950516428035 0.3148059688149854 0.055144414153636884
1.2464773501657826 0.33466091037883794 0.057221325859062366
1.2461290382774077 0.3545433684419982 0.05899158325681554
1.2457456728176453 0.374451232576747 0.060418183967785324
1.2453222488926734 0.39438057508068197 0.06146204788251258
1.2448530163443254 0.41432525064001746 0.06208255422562895
1.2443312288274953 0.43427650630074244 0.06223826672194923
1.2437488167873145 0.4542226383237323 0.06188786675410877
1.243095979911342 0.47414874202735546 0.06099129737830891
1.2423607020253082 0.4940366059467294 0.05951109440685602
1.2415282021787728 0.5138647983731798 0.05741384597514302
1.240580349258221 0.5336089786908613 0.054671684338629886
1.239495082124091 0.5532424363409796 0.05126368237426593
1.2382458901120292 0.5727368197242273 0.04717701398010449
1.2368014163831798 0.5920629745529109 0.04240775208945671
1.2351252463605666 0.6111917788478607 0.036961223124435824
1.233175934614741 0.6300948523169437 0.030851904547458828
1.2309073078644244 0.6487450375507223 0.024102925182676364
1.2282690629155915 0.6671165959272596 0.01674528511185855
1.225207660208227 0.6851851201858089 0.008816937159537802
1.2216674982866833 0.702927222550938 0.0003618604497862051
1.217592341390082 0.7203200988839168 -0.008570784639326574
1.2129269587145408 0.7373410887937574 -0.017927386788436556
1.2076189164746143 0.7539673485934307 -0.027650520413609492
1.201620441097418 0.7701757321249791 -0.037679549395520866
1.194890245571616 0.785942938924439 -0.04795127530835096
1.1873951870902923 0.8012459452562335 -0.05840069913767126
1.179111611685717 0.8160626869109876 -0.06896193468937034
1.1700262497924607 0.830372920077178 -0.07956926646023862
1.16013656103634 0.8441591556857893 -0.09015829610826821
1.149450485109409 0.8574075502173838 -0.10066708271469384
1.1379856280059149 0.8701086454741891 -0.11103716352092957
1.1257679830480058 0.8822578792069455 -0.1212143487288387
1.1128303377761481 0.8938558302254402 -0.1311492136467458
1.0992105404622994 0.9049082051443695 -0.14079725489219863
1.0849497923113762 0.9154256093175297 -0.1501187227473074
1.070091100212 0.9254231656556945 -0.15907817893373544
1.0546779815111993 0.9349200506761078 -0.16764385239315316
1.0387534679893784 0.9439390100606174 -0.17578687458790548
1.0223594190108047 0.9525059009484357 -0.1834804735872402
1.0055361273742767 0.9606492899010953 -0.19069919761427104
0.9883221855790133 0.9684001174726774 -0.19741822840885015
0.9707545725506501 0.9757914245548676 -0.20361283599322447
0.9528689178182729 0.9828581228177206 -0.20925802076654315
0.9346998981536392 0.9896367815895747 -0.21432838614718666
0.9162817178511449 0.9961653962497113 -0.2187982835095938
0.8976486162920569 1.0024830988559295 -0.22264226778781
0.8788353349388729 1.0086297711977006 -0.22583589252112674
0.8598774624318146 1.0146455253963902 -0.22835685240122142
0.8408115658653389 1.0205700295944964 -0.23018644544036085
0.8216750163519492 1.026441677692133 -0.23131127477619634
0.8025054367870115 1.032296632051047 -0.23172504710124253
0.7833397461877795 1.0381678026672878 -0.23143026439253267
0.7642128472763181 1.0440838575007299 -0.23043956901136495
0.7451560890686875 1.0500683758548146 -0.22877651127357582
0.7261957094077132 1.0561392507962506 -0.2264755751235854
0.7073514956638172 1.0623084150217352 -0.22358141321658676
0.6886358777530981 1.0685819142795963 -0.22014737743866145
0.6700535900548661 1.0749602980547144 -0.2162335439860633
0.6516019326679631 1.081439254635484 -0.21190449088264363
0.6332715615140679 1.0880103970655453 -0.20722707998917014
0.6150476678131859 1.0946621088348787 -0.2022684388942323
0.5969113804809986 1.1013803769089763 -0.1970942578589114
0.5788412340944339 1.1081495652496605 -0.1917674400569925
0.5608145758636957 1.1149531060777023 -0.1863470867876493
0.54280882294424 1.1217741039698472 -0.18088776848507665
0.5248025164672048 1.1285958581525617 -0.17543902394526262
0.5067761464802846 1.1354023120805503 -0.17004503691887013
0.48871274229272677 1.142178438669043 -0.16474445330284138
0.47059823719779653 1.1489105666226473 -0.1595703173081301
0.45242162715134004 1.1555866500261376 -0.15455011704370664
0.4341749509945195 1.1621964809857528 -0.14970593691041142
0.41585312562452426 1.1687318442359556 -0.14505471579345897
0.3974536729305785 1.1751866132760116 -0.14060860733748595
0.37897637596093536 1.181556789359762 -0.13637543339828612
0.36042289955809026 1.1878404868887609 -0.1323592160897522
0.3417964059396028 1.1940378707996508 -0.12856076936198585
0.3231011891852227 1.2001510528992243 -0.1249783287849092
0.3043423453239235 1.2061839545468398 -0.12160819844753029
0.28552548768327435 1.212142142629984 -0.11844539625410799
0.2666565111311049 1.2180326446270968 -0.11548428264823782
0.24774140424594954 1.2238637469922515 -0.11271916204590368
0.22878610542168118 1.2296447794148466 -0.11014485022727614
0.2097963973246721 1.2353858859241487 -0.1077572040656619
0.1907778337179512 1.2410977824512732 -0.10555361195938659
0.1717356931317116 1.2467914993693108 -0.10353344410567256
0.1526749548850811 1.2524781066795658 -0.1016984614089962
0.13360029427779707 1.258168418839006 -0.10005318054488464
0.114516095140953 1.2638726756741054 -0.09860519074385603
0.0954264791660099 1.2696001953790574 -0.0973654154677772
0.0763353523486017 1.2753589952983426 -0.09634830956234512
0.0572464693383624 1.2811553761807741 -0.0955719799184383
0.03816351635905284 1.2869934660990103 -0.09505821540772569
0.01909021258827337 1.2928747215769232 -0.0948324101618136
3.0428482551186242e-5 1.298797386025146 -0.09492336349863811
-0.019011682354513833 1.3047559096894805 -0.09536294040923592
-0.03803154323589342 1.310740341160298 -0.09618557900629163
-0.057024013655014756 1.316735707986476 -0.09742763617796898
-0.07598325594813173 1.3227214125938518 -0.09912657017144283
-0.09490261702479101 1.3286706785720637 -0.10131996883071961
-0.11377453043259908 1.334550090118295 -0.10404444400658698
-0.13259043974232249 1.3403192725122242 -0.1073344248303543
-0.15134073870448056 1.3459307626825139 -0.11122089316210873
-0.17001471815761568 1.351330115616763 -0.11573011159893425
-0.1886005061075957 1.356456284899728 -0.12088239661203883
-0.20708498767756106 1.361242305200835 -0.12669098664673742
-0.22545369713606758 1.365616292507498 -0.13316104896210393
-0.24369068516886083 1.3695027651815923 -0.1402888624699245
-0.2617783796358563 1.3728242750560875 -0.1480612099255764
-0.27969747434977527 1.3755033208730867 -0.15645501334782244
-0.2974268938499888 1.3774644937847347 -0.16543725077549568
-0.31494388822209285 1.3786367747677362 -0.17496519661918775
-0.33222430686319304 1.3789558680641687 -0.18498702580620624
-0.3492430817730037 1.3783664191386258 -0.19544280723557905
-0.36597492071625476 1.3768239404931182 -0.2062658810293376
-0.3823951736113919 1.3742962661035305 -0.21738456845946666
-0.3984808002511296 1.370764384302359 -0.2287241116923632
-0.4142113435577705 1.3662225605992246 -0.24020869603656775
-0.4295698073467285 1.3606777464830093 -0.25176338401501286
-0.44454335300145437 1.3541483592931935 -0.26331579688951695
-0.45912376116596754 1.3466625910364431 -0.274797414777727
-0.4733076435020404 1.3382564451034227 -0.2861444218626499
-0.4870964256513483 1.3289717041249394 -0.29729808415375686
-0.5004961482192783 1.3188540052463005 -0.3082047002388888
-0.5135171446936573 1.3079511531898573 -0.31881520184782786
-0.5261736547487138 1.2963117502551997 -0.32908449859323363
-0.5384834219426401 1.2839841765832438 -0.33897066290635636
-0.550467310633588 1.2710159194814123 -0.3484340426045754
-0.5621489615397076 1.2574532287070306 -0.35743637574653103
-0.5735544909902927 1.2433410634843935 -0.3659399703595849
-0.5847122265630196 1.2287232931807883 -0.37390700347628547
-0.595652461654425 1.2136431129573062 -0.38129899120648386
-0.606407203442307 1.1981436344115421 -0.38807648428840097
-0.6170098826797921 1.1822686057004026 -0.39419905020335655
-0.6274949903723681 1.1660632029793767 -0.3996256102773239
-0.6378976070078208 1.1495748135479202 -0.4043152028439291
-0.6482527968430659 1.1328537015736055 -0.4082282337039047
-0.658594855384765 1.1159534146160794 -0.41132824320097
-0.6689564243930924 1.0989307644115647 -0.41358415646945446
-0.6793675244265927 1.0818452159718885 -0.41497288718991854
-0.6898545940280331 1.064757565183318 -0.4154820465084706
-0.7004396551541394 1.0477278899399223 -0.4151123979038388
-0.7111397312405074 1.030812915715587 -0.4138796422751297
-0.7219666161496696 1.0140631051924691 -0.41181516081753244
-0.7329270304758521 0.9975199012521602 -0.4089655026119938
-0.7440231237729764 0.9812135656037022 -0.4053906449643694
-0.7552532145493206 0.9651619433868344 -0.40116129881884866
-0.7666126274063357 0.9493702848052137 -0.3963556936767183
-0.7780944953247203 0.9338320427427662 -0.3910563090880572
-0.7896904340846524 0.9185304108831922 -0.3853469337605971
-0.8013910457103125 0.9034403036004615 -0.3793102816606271
-0.8131862515945735 0.8885304980786359 -0.3730262380289469
-0.8250654849745189 0.8737657272867049 -0.36657068855660163
-0.8370177861931583 0.8591085936989298 -0.3600148164765935
-0.8490318466316744 0.8445212434003464 -0.35342472937241276
-0.8610960430670295 0.8299667878662643 -0.3468612858101701
-0.8731984970285601 0.8154104860408369 -0.3403800171616837
-0.885327185343832 0.8008207074613518 -0.33403107168778823
-0.8974701190499466 0.7861696946909207 -0.32785913973264297
-0.9096155981646182 0.771434136298479 -0.3219033473401972
-0.9217525394244986 0.7565955547562463 -0.3161971289239863
-0.9338708633728647 0.7416405099955438 -0.3107681066358534
-0.9459619170275052 0.7265606204110704 -0.30563801394531187
-0.9580189001112741 0.7113524086944863 -0.30082270327091676
-0.9700372578757614 0.6960169885367663 -0.2963322726919595
-0.9820150029030297 0.6805596176349301 -0.2921713362142092
-0.9939529321934916 0.6649891500704042 -0.2883394480827606
-1.005854713730059 0.649317425037821 -0.2848316770028117
-1.017726827241932 0.6335586282059634 -0.2816393134114784
-1.0295783554606193 0.6177286570198318 -0.2787506838833418
-1.041420633274683 0.6018445133318128 -0.27615204194540605
-1.0532667717779294 0.585923737725667 -0.273828503537463
-1.0651310816916992 0.5699838916046891 -0.27176499689236877
-1.0770284258175138 0.5540420869659085 -0.2699471993473674
-1.0889735329884027 0.5381145605350008 -0.26836243641542284
-1.1009803063632162 0.5222162886513447 -0.26700052075861375
-1.113061156710971 0.5063606414135583 -0.26585451049947467
-1.1252263864610965 0.49055907812490274 -0.2649213679824104
-1.137483642879359 0.4748208898093739 -0.26420250220093067
-1.149837449310296 0.45915299735938697 -0.2637041810340181
-1.162288813029564 0.44355981490447777 -0.2634378032208853
-1.1748348982763035 0.42804318695032545 -0.2634200242539624
-1.1874687450086732 0.41260240498857514 -0.263672734364142
-1.2001790091647044 0.39723430533973575 -0.2642228896892267
-1.2129496995680826 0.3819334459053203 -0.2651021989050908
-1.2257598903644251 0.36669235615072043 -0.26634666679751196
-1.2385833957490673 0.35150185259801153 -0.26799599369728416
-1.251388405131612 0.33635141153642506 -0.27009282611528174
-1.2641370909790102 0.3212295912935565 -0.2726818504109739
-1.276785217528511 0.3061244976558126 -0.27580871927969675
-1.2892817954292273 0.29102428708223804 -0.27951880175265303
-1.3015688439990536 0.2759177023488854 -0.2838557527777323
-1.3135813375507666 0.2607946333688291 -0.2888599096546947
-1.3252474227984141 0.24564669152063762 -0.29456654062239657
-1.3364889974604204 0.23046777862424042 -0.3010039959590515
-1.347222731798873 0.2152546220961392 -0.30819184293838464
-1.3573615907527878 0.20000723708850388 -0.3161390997249517
-1.3668168714077304 0.18472926699641332 -0.3248427140079254
-1.3755007087399798 0.1694281490742 -0.3342864514535472
-1.383328927137946 0.1541150558990656 -0.34444035704236503
-1.3902240381441409 0.1388045790003789 -0.35526092051751296
-1.396118124087881 0.12351414844415376 -0.3666920123567902
-1.4009553223778148 0.10826321784993273 -0.37866656496006185
-1.404693650349773 0.09307228060314984 -0.39110887159901614
-1.4073059872416376 0.07796181037544066 -0.4039372866225954
-1.4087801437759906 0.06295122953941741 -0.4170670572824441
-1.4091180744020577 0.04805799965504936 -0.4304130136941331
-1.4083343930688788 0.03329690212429328 -0.4438918874882469
-1.4064544188214312 0.018679542282095098 -0.4574241066559295
-1.403511995100639 0.004214075869617025 -0.47093500212465744
-1.399547302972371 -0.010094869748171413 -0.48435544039173756
-1.394604838794881 -0.02424612268529877 -0.49762195320008235
-1.3887316679136315 -0.03824178957276035 -0.5106764659001323
-1.3819760111884498 -0.05208701845070401 -0.5234657340316378
-1.3743861781954805 -0.06578973687909138 -0.5359405896661074
-1.3660098322296883 -0.07936039019222167 -0.5480550826282933
-1.356893556589977 -0.09281169452640627 -0.559765583008574
-1.3470826860950096 -0.10615841013995729 -0.5710298945776547
-1.3366213689374895 -0.11941713291092665 -0.5818064162161715
-1.3255528286932454 -0.132606095585056 -0.5920533813797948
-1.3139198019062501 -0.1457449650328669 -0.6017282042668107
-1.3017651309166367 -0.15885461720440558 -0.6107869656464829
-1.2891324923945138 -0.17195686764868698 -0.6191840808221702
-1.2760672372373996 -0.18507413285143504 -0.6268722059986479
-1.2626173048186595 -0.19822899734148927 -0.6338024554088519
-1.2488341519803101 -0.21144366540661663 -0.6399250160663488
-1.2347736037623185 -0.22473928694513096 -0.6451902532335638
-1.22049649080388 -0.23813516724219938 -0.6495503874726323
-1.2060688954982959 -0.2516479018985817 -0.6529617807093218
-1.191561801397443 -0.2652905188235469 -0.6553877825553406
-1.1770499521780364 -0.27907175089982805 -0.6568019569227801
-1.1626098034680084 -0.2929955898141966 -0.6571913506466874
-1.1483166054345435 -0.307061263461809 -0.6565593260992442
-1.1342408661691787 -0.32126372156376704 -0.654927425421213
-1.1204446534679446 -0.3355946107161833 -0.6523358242729124
-1.1069783086475964 -0.3500436008459169 -0.6488421778455721
-1.093878103964587 -0.3645998361254963 -0.6445189964279424
-1.0811651749366868 -0.37925326244262675 -0.6394499930455899
-1.068845775128707 -0.39399563653910996 -0.6337260108386171
-1.0569126417009571 -0.4088211207313262 -0.6274411208331185
-1.0453471064184847 -0.42372646880116427 -0.6206893214262557
-1.0341215594443471 -0.4387108801948438 -0.6135620541583161
-1.0232019403873627 -0.45377563013831096 -0.6061465549773641
-1.0125500407228796 -0.4689235802228205 -0.5985249286811383
-1.0021255098765887 -0.4841586526054027 -0.5907737718333592
-0.9918875398260605 -0.49948532488450204 -0.5829641597596544
-0.9817962537503153 -0.5149081802552663 -0.5751618343099626
-0.9718138471799184 -0.5304315318348137 -0.5674274630801746
-0.9619055330867246 -0.5460591308063019 -0.5598168767999754
-0.9520403329987629 -0.561793963387679 -0.552381224672354
-0.94219174049479 -0.5776381392772617 -0.5451670164157945
-0.9323382656668928 -0.5935928720434858 -0.53821604512753
-0.9224638525704433 -0.609658548308801 -0.531565207569898
-0.912558148886022 -0.6258348766779266 -0.5252462581179471
-0.9026166000720144 -0.642121099281972 -0.5192855484264318
-0.8926403405863901 -0.658516239715504 -0.5137038150797828
-0.8826358626594665 -0.6750193531324912 -0.5085160800540538
-0.8726144576206162 -0.6916297399088757 -0.5037317223490688
-0.8625914435932976 -0.7083470858305934 -0.4993547636819396
-0.8525852132314635 -0.7251715002792682 -0.4953843885522012
-0.8426161526700346 -0.7421034385705881 -0.4918156927960115
-0.832705495223253 -0.759143512748334 -0.48864062925321133
-0.8228741789496398 -0.7762922127669443 -0.485849098416343
-0.8131417756070292 -0.793549572993566 -0.4834301187594855
-0.8035255503382347 -0.8109148243308831 -0.4813730070409935
-0.7940396979171375 -0.8283860690139044 -0.4796685028018444
-0.7846947842438402 -0.8459600044967085 -0.47830978186588036
-0.7754974030284196 -0.8636317077693507 -0.47729331847998857
-0.7664500394721838 -0.881394475614249 -0.47661957214433115
-0.7575511174201948 -0.8992397030523073 -0.47629349065739174
-0.7487951956660864 -0.9171567737069467 -0.4763248333981667
-0.7401732737911084 -0.935132932740518 -0.476728327058831
-0.731673168093616 -0.9531531148696725 -0.47752366940482616
-0.7232799229192576 -0.9711997055273449 -0.478735395409734
-0.7149762305883016 -0.9892522211954397 -0.4803926151044873
-0.7067428425287959 -1.0072869043201895 -0.482528624871034
-0.6985589637224068 -1.0252762386270164 -0.4851803850589253
-0.6904026310484269 -1.043188402168665 -0.48838784817059366
-0.6822510828082401 -1.0609866884508787 -0.49219311503596236
-0.6740811311092947 -1.078628940799968 -0.49663939318631345
-0.6658695504779323 -1.0960670615730166 -0.5017697341344957
-0.6575934946712371 -1.113246674657207 -0.5076255367742922
-0.649230948826669 -1.1301070342543018 -0.514244824757701
-0.6407612156880322 -1.1465812807126587 -0.5216603376551444
-0.6321654230612046 -1.1625971391251348 -0.5298975178989679
-0.6234270261738601 -1.17807813215442 -0.5389725232726449
-0.6145322657097205 -1.1929453306426574 -0.5488904387883019
-0.6054705334826355 -1.2071195947748588 -0.5596438889491905
-0.5962345968107208 -1.2205241737847983 -0.571212247388976
-0.5868206423093326 -1.233087451025825 -0.5835615959157018
-0.5772281199904747 -1.2447455664113758 -0.5966454997447087
-0.567459395611361 -1.2554446398210641 -0.6104065546600318
-0.5575192466384835 -1.2651423654058138 -0.6247785507467825
-0.5474142578150971 -1.2738088390954856 -0.6396890145744315
-0.5371521811134861 -1.281426596411214 -0.6550618573426429
-0.52674132078665 -1.2879899455456998 -0.6708198747923078
-0.5161899902193482 -1.293503757674354 -0.6868869040171277
-0.5055060684643824 -1.29798191155823 -0.7031895217753141
-0.4946966658886217 -1.301445585327883 -0.7196582472249556
-0.48376789378928264 -1.3039215566191988 -0.7362282742335357
-0.4727247236083356 -1.3054406274285164 -0.7528397981978732
-0.4615709171902071 -1.3060362444042537 -0.7694380205159446
-0.4503090091710388 -1.3057433465420383 -0.7859729154564901
-0.43894032459758725 -1.3045974436825376 -0.8023988353317424
-0.4274650179973194 -1.302633910884007 -0.8186740160180513
-0.4158821234833568 -1.2998874739616768 -0.834760029882077
-0.40418960857588565 -1.2963918579724851 -0.8506212193834474
-0.3923844270384502 -1.292179571014054 -0.8662241331336603
-0.3804625681313464 -1.28728179867517 -0.8815369772813867
-0.36841910134532574 -1.281728388598256 -0.8965290886058046
-0.3562482170132742 -1.2755479091106228 -0.9111704312840928
-0.34394326433517214 -1.2687677703036209 -0.9254311165815713
-0.3314967894196467 -1.2614144000671008 -0.9392809433794256
-0.3189005770623479 -1.2535134713362621 -0.9526889572964596
-0.30614570125487894 -1.2450901801572967 -0.9656230270927828
-0.2932225909412729 -1.236169577108929 -0.9780494391119042
-0.2801211193817044 -1.2267769570599936 -0.9899325139063737
-0.26683072767025573 -1.2169383140206764 -1.0012342542174615
-0.25334059542525084 -1.2066808686007704 -1.0119140405739608
-0.23963987421371552 -1.1960336747025402 -1.0219284004331475
-0.2257180014123114 -1.1850283085709326 -1.0312308894349302
-0.21156511306419107 -1.1736996357876823 -1.0397721390752523
-0.19717257240391453 -1.16208663839145 -1.047500143222352
-0.18253362392226172 -1.1502332630032284 -1.0543608741449582
-0.16764416832251447 -1.138189220083904 -1.0602993322812975
-0.15250362858256472 -1.126010624561557 -1.0652611344691654
-0.13711584000237906 -1.1137603234629836 -1.0691947205537344
-0.12148984984427552 -1.1015077181359532 -1.0720541939805432
-0.10564046431598784 -1.0893278769647596 -1.073802697746895
-0.08958835080196216 -1.0772997751077145 -1.0744160667636038
-0.0733595168014428 -1.0655036127741229 -1.0738863215269856
-0.05698406560159883 -1.054017353147687 -1.0722244373853973
-0.040494272697856215 -1.0429128460835806 -1.0694618156597047
-0.0239222014955502 -1.0322520853703505 -1.0656500503158677
-0.007297217045492693 -1.022084198079373 -1.0608589096040832
0.009356201243588085 -1.0124436400631172 -1.0551728349683984
0.026020025723839896 -1.0033498074350822 -1.0486865578121563
0.0426834683726619 -0.9948079711872686 -1.0415005440327472
0.059343014451301655 -0.9868112103336656 -1.0337168844265627
0.07600185916377065 -0.9793429183426545 -1.0254360282349382
0.09266896157719057 -0.9723794821874215 -1.0167545090372025
0.1093579199559543 -0.9658928344519311 -1.0077636141830821
0.1260858234593562 -0.9598527012541906 -0.9985488318507445
0.14287217499384006 -0.9542284739136366 -0.9891898667170291
0.15973792719624946 -0.9489907040793911 -0.9797610218243286
0.17670463566241265 -0.944112260331514 -0.9703317753855134
0.19379371109597515 -0.9395691965703573 -0.9609674189013153
0.21102574234379065 -0.9353413778387745 -0.9517296572476986
0.22841986211556703 -0.9314128952447203 -0.9426770988900826
0.24599313405481688 -0.9277722841050725 -0.9338655856419942
0.2637599520575468 -0.924412542648787 -0.9253483290137587
0.2817314589959073 -0.921330936285782 -0.9171758375335342
0.29991501055699643 -0.918528568058119 -0.9093956395278041
0.31831372785387385 -0.9160097025522754 -0.9020518304885994
0.3369261953944911 -0.9137808500400034 -0.8951845027207956
0.3557463634870836 -0.9118496488405858 -0.8888291436037674
0.374763701483934 -0.910223621509121 -0.8830161104514316
0.3939636189682729 -0.9089089147404745 -0.8777702959858157
0.41332813022451614 -0.9079091519869024 -0.873111082063946
0.43283669313093576 -0.9072245222032741 -0.8690526395633692
0.4524671199638685 -0.9068511955249337 -0.865604576415345
0.4721964451490032 -0.9067811041781307 -0.8627728775223271
0.49200164719540856 -0.907002068852988 -0.8605610350312155
0.5118601537769939 -0.9074982027333787 -0.8589712456873867
0.5317500993462527 -0.9082504979952213 -0.8580055557235698
0.5516503423649206 -0.9092374953286345 -0.8576668568865771
0.5715402765434116 -0.9104359512248673 -0.8579596696057398
0.5913994850378353 -0.9118214421584636 -0.8588906812336119
0.6112072902992836 -0.913368871362912 -0.8604690324111113
0.6309422492353216 -0.9150528670925203 -0.8627063606813632
0.6505816376321231 -0.9168480784936783 -0.8656166184316425
0.6701009623974641 -0.9187293861779983 -0.869215684733147
0.6894735366532013 -0.9206720502610898 -0.8735207907890205
0.7086701512235588 -0.9226518203459002 -0.8785497792770859
0.7276588757895667 -0.9246450308708603 -0.8843202209386594
0.7464050223558922 -0.9266287022175321 -0.8908484184443595
0.7648713007641647 -0.928580663424936 -0.8981483379202051
0.7830181888483501 -0.9304797065183812 -0.9062305214071865
0.8008045270308317 -0.9323057755524744 -0.9151010465868709
0.818188328377956 -0.9340401859105005 -0.9247606099336456
0.8351277717036105 -0.9356658619435868 -0.9352038122074152
0.8515823204511341 -0.9371675747424318 -0.946418717603603
0.8675138885415525 -0.9385321579163032 -0.9583867384539092
0.8828879613289158 -0.9397486787073006 -0.9710828674474641
0.8976745792796149 -0.9408085450031896 -0.9844762432817423
0.911849105356039 -0.9417055353982625 -0.9985309999948464
0.9253927222919633 -0.9424357481365365 -1.0132073218830102
0.9382926380017278 -0.9429974738081222 -1.02846261006336
0.9505420098467998 -0.9433910043261237 -1.0442526653940751
0.9621396254916179 -0.9436183957533705 -1.0605328041027897
0.9730893957890233 -0.9436832045031464 -1.077258842984403
0.9833997224176247 -0.9435902155757382 -1.0943879152553568
0.9930828010877795 -0.943345178586888 -1.1118791014209564
1.002153912712311 -0.9429545633533144 -1.1296938786095607
1.0106307430683727 -0.9424253425958596 -1.1477964052644887
1.0185327588287139 -0.9417648055304575 -1.1661536658318354
1.0258806562900464 -0.9409804030866521 -1.1847355030435693
1.0326958896986287 -0.9400796233277814 -1.2035145648747323
1.039000279096955 -0.939069894287208 -1.2224661905605647
1.0448156929541659 -0.9379585107358624 -1.2415682562835808
1.0501637981144207 -0.9367525811856565 -1.2608009970716458
1.0550658683386696 -0.9354589915496707 -1.2801468175871615
1.0595426424836878 -0.9340843821906133 -1.2995901011037079
1.0636142237867152 -0.9326351354951363 -1.3191170231646199
1.0673000125203962 -0.9311173715453952 -1.338715374198994
1.0706186652488594 -0.9295369498784302 -1.3583743936785349
1.0735880749179703 -0.927899475704936 -1.3780846171526402
1.0762253669695359 -0.9262103092911366 -1.397837736613349
1.0785469075363017 -0.9244745774883504 -1.4176264740365379
1.0805683205327188 -0.9226971866269348 -1.4374444675522766
1.082304511102256 -0.9208828361795728 -1.4572861694593435
1.0837696934213106 -0.9190360327492553 -1.4771467551721742
1.0849774213030174 -0.917161104055926 -1.4970220421389941
1.0859406204039521 -0.9152622126881874 -1.5169084177721888
1.0866716211254712 -0.9133433694576868 -1.5368027754675173
1.087182191531035 -0.9114084462481272 -1.5567024578442994
1.087483569781858 -0.9094611882917586 -1.5766052064048999
1.087586495734773 -0.9075052258366577 -1.596509116882341
1.0875012414559557 -0.9055440851903889 -1.6164125996155048
1.087237640488552 -0.9035811991416631 -1.6363143443594526
1.0868051157765173 -0.9016199167728215 -1.6562132890023389
1.086212706195373 -0.899663512683523 -1.6761085917193441
1.085469091676549 -0.8977151956508413 -1.6959996061477096
1.0845826169382378 -0.8957781167536962 -1.7158858592152746
1.0835613138544151 -0.8938553769908077 -1.7357670312981206
1.0824129225066164 -0.8919500344214544 -1.7556429384213283
1.0811449109715394 -0.8900651108576514 -1.77551351625083
1.079764493902666 -0.8882035981351164 -1.7953788056543143
1.078278649966639 -0.8863684639887512 -1.8152389396355102
1.076694138195803 -0.8845626575565051 -1.8350941314693408
1.0750175133175817 -0.8827891145334165 -1.8549446638857605
1.0732551401196113 -0.8810507619955285 -1.8747908791679186
1.071413206907101 -0.8793505229111963 -1.8946331700459127
1.0694977381059487 -0.8776913203551437 -1.9144719712811238
1.0675146060618785 -0.8760760814385112 -1.9343077518481597
1.0654695420824543 -0.8745077409660224 -1.9541410076320391
1.06336814676527 -0.8729892448293949 -1.9739722545675855
1.061215899652133 -0.8715235531441133 -1.9938020221562662
1.0590181682455222 -0.8701136431348141 -2.01363084730304
1.0567802164202253 -0.8687625117726648 -2.0334592684223107
1.054507212259734 -0.8674731781663799 -2.0532878197679434
1.0522042353438015 -0.8662486857068036 -2.0731170259475795
1.0498762835105158 -0.8650921039633915 -2.0929473965862924
1.0475282791133544 -0.8640065303293598 -2.1127794211090176
1.0451650747909227 -0.8629950914108325 -2.1326135636152763
1.042791458764503 -0.8620609441539271 -2.152450257823507
1.0404121596761076 -0.8612072767024457 -2.172289902065922
1.0380318509774644 -0.8604373089776558 -2.192132854318251
1.0356551548782764 -0.85975429297058 -2.2119794272520377
1.0332866458601844 -0.8591615127362542 -2.231829883300421
1.0309308537611213 -0.8586622840786211 -2.251684429731502
1.0285922664332174 -0.8582599539140598 -2.2715432137265825
1.0262753319760736 -0.8579578993010665 -2.291406317463729
1.0239844605460935 -0.8577595261233081 -2.311273753210288
1.021724025741667 -0.8576682674131915 -2.3311454584311977
1.0194983655633398 -0.8576875813032259 -2.3510212909231645
1.0173117829476979 -0.8578209485928734 -2.3709010239880306
1.0151685458735533 -0.8580718699192659 -2.390784341661943
1.0130728870391708 -0.8584438625211531 -2.4106708340201948
1.0110290031097309 -0.8589404565867554 -2.430559992580879
1.009041053534968 -0.8595651911778708 -2.450451205833699
1.007113158938035 -0.8603216097246008 -2.4703437549233977
1.0052493990780595 -0.8612132550874659 -2.49023680952027
1.0034538103906294 -0.8622436641864911 -2.5101294239130385
1.0017303831125646 -0.8634163622000192 -2.530020533361961
1.0000830579997866 -0.8647348563396176 -2.5499089507523225
0.9985157226498951 -0.8662026292113889 -2.569793363590397
0.9970322074441633 -0.8678231317783566 -2.5896723313854637
0.9956362811270647 -0.8695997759432414 -2.6095442834624336
0.9943316460451089 -0.8715359267759202 -2.6294075172500757
0.9931219330706168 -0.8736348944150535 -2.649260197089568
0.9920106962401296 -0.8758999256787274 -2.6691003536071487
0.9910014071412384 -0.8783341954244421 -2.6889258836929018
0.9900974490858029 -0.8809407977042342 -2.708734551125142
0.9893021111116146 -0.8837227367660825 -2.728523987876428
0.9886185818585018 -0.8866829179579347 -2.7482916961329082
0.9880499433685846 -0.8898241385954789 -2.7680350510535017
0.9875991648637394 -0.893149078859187 -2.7877513042893143
0.9872690965562363 -0.8966602927899235 -2.8074375882767972
0.9870624635508803 -0.9003601994554817 -2.827090921310472
0.9869818598986781 -0.904251074362659 -2.8467082133927133
0.9870297428630346 -0.9083350411907561 -2.8662862728491936
0.9872084274596286 -0.9126140639226447 -2.8858218136893075
0.9875200813303909 -0.9170899394486621 -2.9053114636813664
0.987966720010347 -0.9217642907165531 -2.924751773102784
0.9885502026434984 -0.926638560497384 -2.9441392241160336
0.9892722282003409 -0.9317140058329291 -2.96347024071209
0.9901343322451578 -0.9369916932243387 -2.982741199154559
0.9911378842958495 -0.9424724946151785 -3.0019484388499516
0.9922840858129309 -0.9481570842141194 -3.021088273562784
0.9935739688474492 -0.9540459361939272 -3.0401570028885603
0.9950083953701607 -0.9601393232939827 -3.059150923893334
0.996588057296431 -0.966437316343617 -3.0780663428256254
0.9983134772131821 -0.9729397847132323 -3.096899586805022
1.0001850098059413 -0.9796463976897194 -3.1156470153918994
1.0022028439758546 -0.9865566267622671 -3.134305031944331
1.004367005628529 -0.9936697487945491 -3.152870094671414
1.0066773611089854 -1.0009848500496175 -3.171338727296798
1.0091336212499293 -1.0085008310248604 -3.1897075292521007
1.0117353459941656 -1.0162164120462358 -3.2079731853269187
1.014481949546351 -1.024130139563855 -3.2261324747101874
1.0173727060045576 -1.0322403930849005 -3.2441822793664494
1.0204067554182843 -1.0405453926750046 -3.2621195916999954
1.0235831102167308 -1.0490432069555338 -3.279941521469593
1.0269006619492695 -1.0577317615218156 -3.2976453019264342
1.0303581882791726 -1.0666088477061302 -3.315228295157781
1.0339543601716559 -1.075672131609292 -3.3326879966283767
1.037687749218237 -1.0849191633256845 -3.3500220389208737
1.0415568350410576 -1.0943473862887527 -3.367228194685119
1.0455600127232507 -1.1039541466669116 -3.384304378814026
1.0496956002144207 -1.113736702743614 -3.4012486498708583
1.0539618456638171 -1.1236922342197293 -3.418059210798967
1.0583569346376718 -1.1338178513813182 -3.4347344089503347
1.0628789971813766 -1.1441106040811757 -3.4512727354736406
1.0675261146915318 -1.1545674904880905 -3.467672824106028
1.072296326567391 -1.1651854655634213 -3.4839334494152823
1.0771876366156592 -1.175961449230331 -3.5000535245408306
1.0821980191870466 -1.186892334206596 -3.5160320984828735
1.0873254250271949 -1.1979749934774007 -3.531868352989108
1.0925677868286758 -1.209206287389721 -3.547561599088029
1.0979230244745792 -1.2205830703548315 -3.5631112733167303
1.103389049967739 -1.2321021971500485 -3.5785169336895826
1.1089637720428949 -1.2437605288150282 -3.59377825545221
1.1146451004620175 -1.2555549381417521 -3.608895026662911
1.120430949995614 -1.2674823147607477 -3.623867143641137
1.1263192440951284 -1.279539569829082 -3.638694606319933
1.132307918263506 -1.2917236403282912 -3.653377513536417
1.1383949231326609 -1.304031492982612 -3.6679160582914867
1.1445782272579519 -1.3164601278097496 -3.6823105230070494
1.1508558196408778 -1.3290065813179224 -3.6965612748062022
1.1572257119920648 -1.3416679293641098 -3.710668760839002
1.1636859407472355 -1.3544412896893325 -3.724633503673765
1.170234568849276 -1.36732382414743 -3.73845609677126
1.176869687309753 -1.3803127406441937 -3.7521372000567386
1.1835894165633305 -1.3934052948038962 -3.765677535602439
1.1903919076284453 -1.4065987913802782 -3.7790778834311074
1.1972753430874534 -1.4198905854288826 -3.7923390774490984
1.2042379378991763 -1.4332780832573513 -3.8054620015158367
1.2112779400563973 -1.4467587431699116 -3.8184475856547917
1.2183936311004648 -1.4603300760217712 -3.831296802409644
1.2255833265046656 -1.4739896455986006 -3.8440106633480102
1.2328453759375189 -1.487735068835656 -3.8565902157139202
1.2401781634166051 -1.5015640158904513 -3.8690365392292203
1.2475801073629884 -1.5154742100821827 -3.8813507430431597
1.255049660565703 -1.5294634277104417 -3.8935339628286574
1.2625853100652438 -1.5435294977650074 -3.9055873580230602
1.270185576964394 -1.557670301537832 -3.9175121092106546
1.2778490161742053 -1.571883772147612 -3.9293094156437087
1.2855742161023747 -1.586167893986674 -3.940980492898443
1.2933597982907716 -1.6005207020992063 -3.9525265706620094
1.301204417008323 -1.6149402814992588 -3.9639488906463165
1.3091067588050271 -1.629424766436278 -3.975248704624358
1.3170655420323785 -1.6439723396153625 -3.9864272725845664
1.3250795163350513 -1.658581231378871 -3.9974858609986272
1.3331474621182982 -1.6732497188554387 -4.008425741198159
1.3412681899951033 -1.6879761250819987 -4.019248187855635
1.3494405402167935 -1.7027588181038797 -4.0299544775649725
1.357663382090458 -1.7175962100576234 -4.0405458875172275
1.3659356133862006 -1.7324867562407424 -4.0510236942669415
1.3742561597369842 -1.7474289541722356 -4.061389172584748
1.3826239740335107 -1.762421342647319 -4.071643594391951
1.391038035816372 -1.777462500789476 -4.081788227772912
1.3994973506674373 -1.792551047102632 -4.091824336061211
1.40800094960225 -1.8076856385259417 -4.1017531769956435
1.4165478884649936 -1.8228649694934327 -4.111576001942302
1.4251372473274266 -1.8380877710004682 -4.121294055179082
1.433768129892987 -1.8533528096787915 -4.130908573239135
1.4424396629071534 -1.8686588868816838 -4.1404207843098915
1.4511509955749773 -1.8840048377805794 -4.149831907684464
1.4599012989866014 -1.8993895304743063 -4.159143153262348
1.4686897655514428 -1.9148118651119594 -4.16835572109648
1.4775156084416377 -1.9302707730302608 -4.177470800983878
1.4863780610452262 -1.9457652159061316 -4.186489572097176
1.495276376429497 -1.9612941849250782 -4.195413202654545
1.5042098268148092 -1.9768566999658845 -4.204242849625577
1.513177703059164 -1.992451808802 -4.212979658470854
1.5221793141537134 -2.008078586319928 -4.221624762913037
1.5312139867293664 -2.0237361337548285 -4.230179284737424
1.540281064574566 -2.039423577943495 -4.238644333620031
1.5493799081643065 -2.0551400705947764 -4.247021006981361
1.5585098942003952 -2.070884787577473 -4.2553103898641265
1.5676704151629397 -2.0866569282256764 -4.263513554833279
1.5768608788729928 -2.1024557146614886 -4.2716315618968075
1.5860807080663024 -2.118280391134993 -4.279665458445831
1.5953293399780337 -2.1341302233813373 -4.287616279212629
1.6046062259383598 -2.1500044979947446 -4.295485046245288
1.613910830978782 -2.165902521819236 -4.3032727688977666
1.6232426334489969 -2.1818236213558486 -4.310980443834212
1.6326011246441774 -2.1977671421860814 -4.318609055046458
1.6419858084424621 -2.213732448411305 -4.326159573883689
1.6513962009524732 -2.2297189221078546 -4.333632959093295
1.6608318301706715 -2.2457259627974993 -4.341030156872063
1.6702922356483367 -2.261752986932995 -4.348352100926813
1.6797769681679764 -2.277799427398394 -4.355599712543728
1.6892855894289471 -2.2938647330238005 -4.36277390066562
1.698817671742082 -2.3099483681142385 -4.369875561976446
1.7083727977331045 -2.326049811992319 -4.376905580992413
1.7179505600546219 -2.3421685585543566 -4.383864830159078
1.7275505611064759 -2.3583041158396254 -4.390754169953869
1.7371724127642498 -2.374456005612415 -4.397574448993486
1.746815736115705 -2.3906237629565585 -4.4043265041457
1.7564801612049534 -2.4068069358821105 -4.411011160645072
1.7661653267841486 -2.4230050849438465 -4.417629232212167
1.7758708800724876 -2.4392177828712778 -4.424181521175854
1.7855964765223367 -2.4554446142098474 -4.430668818598318
1.7953417795922577 -2.4716851749730138 -4.437091904402421
1.8051064605267753 -2.4879390723048997 -4.443451547501112
1.8148901981426544 -2.504205924153228 -4.449748505928541
1.8246926786215207 -2.5204853589522265 -4.4559835269726396
1.8345135953086478 -2.5367770153152254 -4.462157347308858
1.8443526485177142 -2.5530805417366573 -4.468270693134856
1.8542095453413627 -2.5693955963031887 -4.474324280305896
1.8640839994673812 -2.5857218464137106 -4.480318814470736
1.8739757310003549 -2.6020589685079156 -4.486254991207826
1.883884466288617 -2.618406647803209 -4.492133496161636
1.8938099377563242 -2.6347645780397055 -4.497955005178938
1.9037518837405245 -2.6511324612330567 -4.503720184444899
1.9137100483330634 -2.667510007434871 -4.509429690618836
1.92368418122716 -2.6838969345004973 -4.515084170969513
1.9336740375685286 -2.7002929678639496 -4.520684263509854
1.943679377810912 -2.7166978403197315 -4.5262305971309615
1.9536999675758757 -2.7331112918113667 -4.531723791735349
1.9637355775167347 -2.7495330692264175 -4.537164458369288
1.973785983186494 -2.765962926197789 -4.542553199354193
1.9838509649096734 -2.782400622911123 -4.547890608416967
1.9939303076578943 -2.7988459259180867 -4.5531772708192335
2.0040238009291134 -2.8152986079553797 -4.558413763485405
2.0141312386304033 -2.83175844776926 -4.563600655129527
2.024252418964141 -2.8482252299454425 -4.568738506380837
2.0343871443175283 -2.8646987447441727 -4.573827869908019
2.0445352211553227 -2.8811787879403306 -4.578869290542093
2.0546964599156885 -2.8976651606683883 -4.583863305397908
2.0648706749090624 -2.91415766927209 -4.5888104439942206
2.07505768421995 -2.9306561251586802 -4.59371122837232
2.085257309611555 -2.9471603446575485 -4.598566173213185
2.0954693764331562 -2.9636701488831543 -4.603375785953147
2.105693713530138 -2.980185363602084 -4.608140566898052
2.115930153156617 -2.9967058191041143 -4.612861009335903
2.1261785308905505 -3.013231350077159 -4.617537599647976
2.1364386855512825 -3.0297617954859613 -4.6221708174184
2.146710459119422 -3.0462969984544355 -4.626761135542196
2.156993696659004 -3.0628368061515188 -4.6313090203317815
2.167288246241855 -3.0793810696804367 -4.63581493162192
2.1775939588740933 -3.0959296439712625 -4.640279322873144
2.1879106884246955 -3.1124823876766823 -4.6447026412736285
2.1982382915560796 -3.1290391630708414 -4.649085327839538
2.208576627656619 -3.1455998359512005 -4.653427817513845
2.2189255587750574 -3.162164275543279 -4.657730539263626
2.229284949556739 -3.178732354408218 -4.661993916175852
2.239654667181616 -3.1953039483530588 -4.666218365551678
2.25003458130398 -3.2118789363436533 -4.670404298999236
2.2604245639938423 -3.2284572004201335 -4.674552122524958
2.2708244896799425 -3.2450386256148476 -4.678662236623435
2.281234235094319 -3.2616230998726854 -4.682735036365811
2.2916536792183946 -3.2782105139737334 -4.686770911486756
2.3020827032305426 -3.2948007614581565 -4.6907702464700085
2.31252119045507 -3.311393738553276 -4.694733420632507
2.3229690263125886 -3.327989344102741 -4.698660808207137
2.3334260982717367 -3.3445874794977435 -4.702552778424099
2.343892295802193 -3.3611880486102126 -4.706409695590918
2.354367510328962 -3.3777909577279233 -4.71023191917111
2.3648516351878786 -3.3943961154914652 -4.714019803861526
2.3753445655823073 -3.4110034328330046 -4.717773699668386
2.3858461985409942 -3.427612822916795 -4.721493951982025
2.3963564328770373 -3.444224201081372 -4.7251809016503685
2.4068751691479435 -3.4608374847833905 -4.72883488505115
2.417402309616741 -3.4774525935430427 -4.7324562341628935
2.427937758214115 -3.494069448891021 -4.736045276634683
2.4384814205015375 -3.510687974316963 -4.739602335854723
2.4490332036353575 -3.527308095219354 -4.743127731017728
2.4595930163318283 -3.543929738856816 -4.746621777191137
2.4701607688330447 -3.5605528343007706 -4.750084785380191
2.4807363728737686 -3.577177312389401 -4.753517062591879
2.4913197416490935 -3.593803105682908 -4.756918911897772
2.5019107897829542 -3.610430148419998 -4.760290632495774
2.512509433297452 -3.627058376475563 -4.763632519770787
2.523115589582932 -3.643687727319545 -4.766944865354326
2.533729177368864 -3.6603181399769076 -4.770227957183096
2.5443501166954325 -3.6769495549887194 -4.773482079556542
2.5549783288858476 -3.6935819143743007 -4.776707513193402
2.565613736519378 -3.7102151615943852 -4.779904535287262
2.576256263405034 -3.7268492415153007 -4.783073419561151
2.586905834555927 -3.7434841003741095 -4.786214436321175
2.5975623761642557 -3.7601196857446983 -4.789327852509215
2.6082258155769322 -3.7767559465047684 -4.792413931754707
2.618896081271792 -3.7933928328037365 -4.79547293442551
2.629573102834412 -3.810030296031469 -4.798505117677891
2.6402568109354854 -3.82666828878787 -4.801510735505637
2.6509471373087585 -3.8433067648532764 -4.804490038788304
2.661644014729505 -3.859945679159639 -4.807443275338623
2.6723473769935207 -3.8765849877624676 -4.810370689949088
2.683057158896635 -3.893224647813521 -4.813272524437717
2.6937732962147294 -3.90986461753421 -4.816149017693026
2.7044957256842044 -3.926504856189711 -4.819000405718216
2.7152243849829496 -3.943145324063755 -4.821826921674589
2.7259592127117607 -3.9597859824340653 -4.824628795924208
2.7367001483761855 -3.9764267935484607 -4.827406256071819
2.7474471323688263 -3.993067720601551 -4.830159527006042
2.758200105952034 -4.009708727712066 -4.832888830939847
2.7689590112410407 -4.0263497799007535 -4.835594387450332
2.779723791187471 -4.042990843068847 -4.838276413517804
2.790494389563241 -4.059631883977106 -4.840935123564194
2.8012707509448367 -4.076272870225378 -4.843570729490805
2.812052820697965 -4.092913770232689 -4.846183440715402
2.8228405449625575 -4.109554553217841 -4.848773464208672
2.833633870638107 -4.126195189180515 -4.8513410045300525
2.8444327453693696 -4.14283564888284 -4.853886263862944
2.855237117532372 -4.159475903831435 -4.856409442049319
2.8660469362207506 -4.1761159262599135 -4.858910736623737
2.876862151232399 -4.192755689111812 -4.8613903428467795
2.8876827130564253 -4.209395166023963 -4.863848453737911
2.898508572860388 -4.226034331310287 -4.866285260107783
2.909339682477844 -4.242673159945972 -4.868700950589982
2.9201759943961574 -4.259311627552069 -4.871095711672247
2.9310174617445908 -4.27594971038046 -4.873469727727146
2.9418640382826577 -4.292587385299201 -4.875823181042245
2.9527156783887483 -4.309224629778228 -4.878156251849751
2.9635723370489804 -4.325861421875427 -4.880469118355674
2.9744339698463276 -4.342497740223022 -4.882761956768479
2.985300532949964 -4.3591335640143285 -4.885034941327267
2.9961719831048566 -4.375768872990813 -4.887288244329482
3.007048277621575 -4.392403647429473 -4.889522036158148
3.017929374366328 -4.409037868130532 -4.891736485308657
3.028815231751228 -4.425671516405415 -4.893931758415104
3.0397058087247433 -4.442304574065046 -4.896108020276188
3.0506010647623714 -4.458937023408409 -4.898265433880679
3.0615009598575087 -4.47556884721138 -4.9004041604324655
3.0724054545125234 -4.492200028715849 -4.902524359375183
3.0833145097300045 -4.508830551619087 -4.9046261884164375
3.0942280870042036 -4.525460400063381 -4.906709803551633
3.105146148312665 -4.542089558625907 -4.908775359087401
3.1160686561080215 -4.558718012308845 -4.910823007664647
3.126995573309973 -4.575345746529739 -4.912852900281224
3.1379268632974213 -4.591972747112077 -4.914865186314225
3.148862489900779 -4.608599000276105 -4.916860013541926
3.1598024173944372 -4.625224492629842 -4.918837528165354
3.170746610489383 -4.641849211160325 -4.920797874829526
3.1816950343259807 -4.6584731432250495 -4.922741196644321
3.1926476544668856 -4.6750962765436155 -4.924667635205033
3.2036044368901204 -4.691718599189568 -4.926577330612582
3.21456534798228 -4.708340099582429 -4.928470421493401
3.225530354531892 -4.724960766479913 -4.930347045019009
3.2364994237228815 -4.74158058897033 -4.932207336925265
3.2474725231282053 -4.7581995564651605 -4.93405143153131
3.258449620703575 -4.7748176586918065 -4.935879461758223
3.269430684781351 -4.7914348856865026 -4.937691559147357
3.2804156840645198 -4.808051227787396 -4.939487853878407
3.2914045876208027 -4.824666675627799 -4.941268474787175
3.302397364876901 -4.841281220129564 -4.943033549383061
3.3133939856128243 -4.857894852496647 -4.944783203866278
3.3243944199563575 -4.874507564208795 -4.9465175631447975
3.3353986383776144 -4.891119347015384 -4.9482367508510245
3.346406611683712 -4.907730192929406 -4.949940889358216
3.3574183110135465 -4.924340094221575 -4.951630099796641
3.3684337078326747 -4.940949043414586 -4.953304502069489
3.37945277392828 -4.957557033277491 -4.954964214868533
3.390475481404251 -4.974164056820209 -4.956609355689546
3.4015018026763486 -4.990770107288154 -4.958240040847482
3.4125317104674613 -5.007375178156997 -4.959856385491424
3.4235651778029625 -5.023979263127528 -4.961458503619299
3.4346021780061506 -5.0405823561206455 -4.963046508092366
3.4456426846937664 -5.057184451272454 -4.964620510649489
3.45668667177161 -5.073785542929479 -4.966180621921184
3.4677341134302293 -5.090385625643972 -4.967726951443457
3.4787849841406997 -5.106984694169335 -4.969259607671429
3.4898392586504796 -5.123582743455645 -4.970778697992755
3.5008969119793307 -5.140179768645267 -4.972284328740845
3.511957919415324 -5.156775765068586 -4.973776605207877
3.5230222565109384 -5.173370728239801 -4.975255631657617
3.534089899079184 -5.189964653852849 -4.976721511338054
3.5451608231898484 -5.206557537777386 -4.978174346493835
3.556235005165781 -5.223149376054879 -4.97961423837852
3.5673124215792518 -5.2397401648947755 -4.981041287266657
3.5783930492483735 -5.256329900670752 -4.982455592465669
3.589476865233601 -5.272918579917056 -4.9838572523275735
3.6005638468342793 -5.28950619932492 -4.985246364260524
3.6116539715852634 -5.30609275573905 -4.986623024740185
3.6227472172535897 -5.3226782461542035 -4.987987329320934
3.633843561835217 -5.339262667711836 -4.989339372646904
3.6449429835518203 -5.355846017696809 -4.990679248462864
3.6560454608476376 -5.372428293534192 -4.992007049624937
3.6671509723863864 -5.389009492786106 -4.99332286811117
3.6782594970482165 -5.4055896131486625 -4.994626795031937
3.689371013926721 -5.422168652448955 -4.995918920640207
3.7004855023260186 -5.43874660864211 -4.997199334341652
3.7116029417578575 -5.455323479808415 -4.9984681247046145
3.722723311938793 -5.471899264150493 -4.999725379469931
3.7338465927873923 -5.488473959990562 -5.000971185560612
3.7449727644215134 -5.5050475657677165 -5.002205629091391
3.7561018071556123 -5.521620080035302 -5.003428795378128
3.7672337014981006 -5.538191501458327 -5.004640768947084
3.778368428148746 -5.554761828810936 -5.005841633544064
3.7895059679961274 -5.571331060973932 -5.007031472143429
3.8006463021151173 -5.587899196932361 -5.008210366956984
3.81178941176442 -5.604466235773134 -5.009378399442736
3.8229352783841475 -5.62103217668271 -5.010535650313532
3.834083883593438 -5.637597018944824 -5.011682199545577
3.845235209188099 -5.654160761938271 -5.012818126386829
3.8563892371383135 -5.67072340513472 -5.013943509365283
3.86754594958637 -5.6872849480965915 -5.015058426297129
3.878705328844437 -5.703845390474965 -5.016162954294814
3.889867357392354 -5.72040473200755 -5.017257169774975
3.901032017875489 -5.7369629725166815 -5.018341148466273
3.912199293102626 -5.753520111907353 -5.019414965417116
3.9233691660438517 -5.770076150165321 -5.020478695003275
3.9345416198285275 -5.78663108735522 -5.0215324109354
3.945716637743253 -5.803184923618727 -5.022576186266426
3.9568942032298953 -5.819737659172764 -5.023610093398887
3.968074299883616 -5.836289294307741 -5.024634204092124
3.9792569114509653 -5.852839829385829 -5.0256485894693945
3.9904420218279713 -5.869389264839286 -5.026653320024894
4.0016296150583 -5.8859376011687825 -5.027648465630674
4.012819675331402 -5.902484838941805 -5.02863409554347
4.024012186980714 -5.919030978791065 -5.029610278411442
4.035207134481893 -5.935576021412946 -5.030577082280818
4.046404502451066 -5.9521199675659835 -5.031534574602452
4.05760427564309 -5.968662818069388 -5.032482822238296
4.0688064389498875 -5.985204573801582 -5.033421891467785
4.080010977398768 -6.001745235698768 -5.034351847994133
4.091217876150782 -6.018284804753545 -5.0352727569505555
4.102427120499112 -6.034823282013529 -5.036184682906401
4.11363869586748 -6.051360668580027 -5.037087689873206
4.124852587808583 -6.067896965606709 -5.037981841310668
4.1360687820025515 -6.084432174298338 -5.038867200132543
4.147287264255422 -6.1009662959095055 -5.039743828712469
4.158508020497657 -6.117499331743396 -5.040611788889703
4.169731036782658 -6.134031283150593 -5.041471141974794
4.180956299285328 -6.15056215152788 -5.042321948755179
4.1921837943006315 -6.167091938317096 -5.0431642695007035
4.203413508242193 -6.183620645003996 -5.043998163969079
4.214645427640914 -6.200148273117143 -5.04482369141126
4.225879539143597 -6.216674824226821 -5.045640910576759
4.237115829511614 -6.2332002999439675 -5.04644987971889
4.248354285619572 -6.249724701919131 -5.0472506565999495
4.259594894454014 -6.266248031841448 -5.048043298496329
4.27083764311213 -6.282770291437642 -5.048827862203556
4.2820825188004825 -6.299291482471051 -5.049604404041284
4.293329508833767 -6.315811606740658 -5.050372979858213
4.304578600633581 -6.332330666080152 -5.051133645036939
4.315829781727211 -6.348848662357005 -5.051886454498761
4.327083039746435 -6.365365597471575 -5.052631462708414
4.338338362426337 -6.381881473356224 -5.053368723678744
4.34959573760417 -6.398396291974441 -5.054098290975333
4.360855153218184 -6.414910055320002 -5.054820217721055
4.3721165973065155 -6.43142276541614 -5.055534556600583
4.383380058006073 -6.447934424314727 -5.056241359864841
4.394645523551437 -6.464445034095479 -5.056940679335392
4.405912982273787 -6.480954596865175 -5.057632566408783
4.417182422599822 -6.497463114756894 -5.058317072060828
4.428453833050731 -6.513970589929262 -5.058994246850845
4.439727202241139 -6.530477024565723 -5.059664140925834
4.451002518878097 -6.546982420873817 -5.060326804024611
4.462279771760074 -6.563486781084476 -5.060982285481887
4.473558949775964 -6.579990107451334 -5.061630634232299
4.4848400419041 -6.596492402250057 -5.06227189881439
4.496123037211306 -6.612993667777668 -5.062906127374547
4.507407924851927 -6.629493906351918 -5.063533367670883
4.5186946940669 -6.645993120310637 -5.0641536670770755
4.529983334182823 -6.662491312011113 -5.064767072586164
4.5412738346110535 -6.678988483829492 -5.065373630814297
4.5525661848467855 -6.695484638160172 -5.065973388004428
4.5638603744681925 -6.711979777415219 -5.066566390029984
4.575156393135515 -6.728473904023805 -5.067152682398472
4.586454230590226 -6.744967020431636 -5.067732310255056
4.5977538766541555 -6.761459129100411 -5.068305318386084
4.609055321228664 -6.777950232507276 -5.06887175122258
4.620358554293812 -6.794440333144306 -5.069431652843684
4.631663565907527 -6.810929433517982 -5.069985066980062
4.642970346204812 -6.827417536148691 -5.0705320370172755
4.6542788853969315 -6.843904643570229 -5.071072605999102
4.665589173770641 -6.860390758329316 -5.0716068166308235
4.676901201687392 -6.876875882985126 -5.072134711282481
4.688214959582588 -6.893360020108808 -5.072656331992082
4.699530437964801 -6.909843172283055 -5.073171720468774
4.710847627415055 -6.926325342101631 -5.0736809180959845
4.722166518586062 -6.942806532168955 -5.074183965934521
4.733487102201507 -6.959286745099668 -5.074680904725637
4.744809369055328 -6.975765983518211 -5.075171774894061
4.756133310011017 -6.992244250058413 -5.075656616550991
4.767458916000904 -7.008721547363101 -5.07613546949706
4.778786178025475 -7.0251978780836914 -5.076608373225257
4.790115087152689 -7.0416732448798225 -5.077075366923825
4.801445634517315 -7.058147650418958 -5.077536489479121
4.812777811320244 -7.074621097376038 -5.077991779478441
4.824111608827852 -7.0910935884331066 -5.078441275212822
4.835447018371354 -7.107565126278956 -5.078885014679802
4.846784031346151 -7.124035713608787 -5.079323035586155
4.858122639211211 -7.140505353123865 -5.079755375350593
4.869462833488431 -7.1569740475311985 -5.080182071106439
4.880804605762035 -7.1734417995431965 -5.0806031597042685
4.892147947677961 -7.189908611877373 -5.081018677714523
4.903492850943258 -7.206374487256012 -5.081428661430093
4.9148393073254955 -7.22283942840588 -5.081833146868871
4.926187308652184 -7.239303438057918 -5.082232169776284
4.937536846810178 -7.2557665189469605 -5.082625765627784
4.948887913745129 -7.272228673811434 -5.083013969631322
4.960240501460895 -7.288689905393099 -5.083396816729794
4.971594602019007 -7.305150216436749 -5.083774341603452
4.9829502075381 -7.321609609689972 -5.0841465786723
4.994307310193381 -7.338068087902865 -5.084513562098452
5.005665902216087 -7.354525653827794 -5.084875325788473
5.017025975892956 -7.370982310219129 -5.085231903395691
5.028387523565692 -7.387438059833013 -5.085583328322484
5.039750537630468 -7.4038929054271065 -5.0859296337225395
5.051115010537393 -7.420346849760367 -5.086270852503096
5.062480934790015 -7.436799895592814 -5.086607017327155
5.0738483029448185 -7.4532520456853035 -5.0869381606156665
5.085217107610741 -7.469703302799303 -5.087264314549701
5.096587341448672 -7.486153669696683 -5.087585511072588
5.107958997170973 -7.5026031491395075 -5.087901781892035
5.119332067541001 -7.519051743889832 -5.088213158482227
5.130706545372648 -7.5354994567094815 -5.088519672085898
5.142082423529863 -7.551946290359884 -5.0888213537163836
5.153459694926196 -7.56839224760185 -5.089118234159653
5.16483835252434 -7.58483733119541 -5.089410343976314
5.1762183893356974 -7.601281543899607 -5.089697713503605
5.187599798419908 -7.6177248884723365 -5.089980372857355
5.198982572884439 -7.634167367670155 -5.090258351933937
5.210366705884127 -7.650608984248122 -5.090531680412182
5.221752190620769 -7.667049740959622 -5.090800387755296
5.233139020342686 -7.683489640556207 -5.091064503212734
5.244527188344308 -7.6999286857874285 -5.091324055822071
5.255916687965754 -7.716366879400693 -5.091579074410845
5.267307512592429 -7.732804224141101 -5.091829587598382
5.278699655654624 -7.749240722751294 -5.092075623797607
5.2900931106270965 -7.765676377971318 -5.092317211216825
5.301487871028707 -7.782111192538468 -5.092554377861498
5.312883930421987 -7.798545169187167 -5.092787151535993
5.324281282412778 -7.8149783106488195 -5.093015559845313
5.3356799206498495 -7.83141061965167 -5.093239630196814
5.347079838824521 -7.847842098920684 -5.093459389801906
5.358481030670259 -7.864272751177432 -5.093674865677725
5.36988348996235 -7.880702579139938 -5.093886084648803
5.381287210517513 -7.897131585522582 -5.094093073348711
5.392692186193525 -7.91355977303598 -5.094295858221687
5.404098410888885 -7.929987144386858 -5.09449446552425
5.41550587854246 -7.946413702277944 -5.094688921326795
5.426914583133118 -7.962839449407867 -5.094879251515172
5.4383245186794 -7.979264388471036 -5.0950654817922505
5.449735679239154 -7.995688522157555 -5.095247637679466
5.461148058909227 -8.012111853153105 -5.095425744518355
5.472561651825111 -8.02853438413885 -5.095599827472068
5.483976452160611 -8.044956117791346 -5.095769911526872
5.4953924541275185 -8.06137705678244 -5.09593602149364
5.506809651975302 -8.077797203779184 -5.096098182009314
5.5182280399907695 -8.094216561443737 -5.096256417538372
5.52964761249775 -8.110635132433295 -5.096410752374264
5.541068363856802 -8.127052919399985 -5.096561210640838
5.552490288464873 -8.1434699249908 -5.096707816293757
5.563913380755014 -8.159886151847507 -5.096850593121901
5.5753376351960675 -8.176301602606582 -5.096989564748743
5.586763046292365 -8.192716279899122 -5.097124754633729
5.598189608583435 -8.209130186350775 -5.0972561860736345
5.609617316643712 -8.225543324581663 -5.097383882203908
5.621046165082229 -8.24195569720633 -5.097507866000001
5.632476148542351 -8.258367306833652 -5.097628160278689
5.64390726170147 -8.274778156066784 -5.097744787699377
5.655339499270737 -8.291188247503086 -5.097857770765391
5.666772855994779 -8.307597583734076 -5.097967131825258
5.678207326651422 -8.324006167345347 -5.098072893073971
5.68964290605141 -8.34041400091654 -5.098175076554252
5.701079589038147 -8.356821087021252 -5.098273704157786
5.7125173704874275 -8.373227428226999 -5.098368797626457
5.7239562453071615 -8.389633027095165 -5.098460378553566
5.735396208437127 -8.40603788618094 -5.098548468385036
5.746837254848698 -8.42244200803327 -5.09863308842061
5.758279379544584 -8.438845395194827 -5.098714259815034
5.7697225775586 -8.455248050201925 -5.09879200357923
5.7811668439553845 -8.471649975584516 -5.098866340581456
5.792612173830177 -8.488051173866102 -5.098937291548457
5.804058562308552 -8.504451647563736 -5.099004877066604
5.815506004546176 -8.520851399187944 -5.0990691175830225
5.826954495728591 -8.537250431242704 -5.09913003340671
5.838404031070936 -8.553648746225406 -5.099187644709641
5.849854605817743 -8.570046346626807 -5.0992419715278645
5.861306215242693 -8.586443234930991 -5.099293033762592
5.872758854648364 -8.602839413615358 -5.099340851181269
5.884212519366035 -8.619234885150565 -5.099385443418643
5.8956672047554415 -8.635629652000492 -5.099426829977817
5.90712290620455 -8.652023716622237 -5.099465030231299
5.918579619129334 -8.668417081466055 -5.09950006342203
5.930037338973545 -8.684809748975361 -5.099531948664419
5.941496061208529 -8.701201721586663 -5.09956070494535
5.952955781332965 -8.717593001729576 -5.099586351125196
5.964416494872689 -8.73398359182676 -5.099608905938811
