# Stellarator magnetic surface s = 0.4
# X[m] Y[m] Z[m]
1.08 0.0 0.0
1.059248102835489 0.21069754777741853 0.0
0.9977898951121897 0.413298106954297 0.0
0.8979871812867489 0.6000158516611704 0.0
0.7636753236814714 0.7636753236814713 0.0
0.6000158516611706 0.8979871812867489 0.0
0.41329810695429703 0.9977898951121897 0.0
0.21069754777741861 1.059248102835489 0.0
6.613092715395707e-17 1.08 0.0
-0.21069754777741845 1.059248102835489 0.0
-0.4132981069542969 0.9977898951121897 0.0
-0.6000158516611701 0.897987181286749 0.0
-0.7636753236814713 0.7636753236814714 0.0
-0.897987181286749 0.6000158516611704 0.0
-0.9977898951121897 0.4132981069542971 0.0
-1.059248102835489 0.21069754777741892 0.0
-1.08 1.3226185430791415e-16 0.0
-1.059248102835489 -0.21069754777741864 0.0
-0.9977898951121899 -0.41329810695429686 0.0
-0.8979871812867491 -0.6000158516611701 0.0
-0.7636753236814715 -0.7636753236814713 0.0
-0.6000158516611704 -0.8979871812867489 0.0
-0.4132981069542976 -0.9977898951121895 0.0
-0.21069754777741898 -1.0592481028354888 0.0
-1.9839278146187122e-16 -1.08 0.0
0.2106975477774186 -1.059248102835489 0.0
0.41329810695429725 -0.9977898951121896 0.0
0.60001585166117 -0.8979871812867491 0.0
0.7636753236814712 -0.7636753236814715 0.0
0.8979871812867489 -0.6000158516611704 0.0
0.9977898951121895 -0.41329810695429764 0.0
1.0592481028354888 -0.21069754777741903 0.0
1.0784628224322585 0.0 0.015607225761290262
1.057740461703682 0.21039765931073187 0.015607225761290262
0.9963697282195179 0.41270985456651904 0.015607225761290262
0.8967090648504586 0.5991618415616677 0.015607225761290262
0.7625883749994335 0.7625883749994334 0.015607225761290262
0.5991618415616679 0.8967090648504586 0.015607225761290262
0.4127098545665191 0.9963697282195179 0.015607225761290262
0.21039765931073195 1.057740461703682 0.015607225761290262
6.603680217455429e-17 1.0784628224322585 0.015607225761290262
-0.2103976593107318 1.057740461703682 0.015607225761290262
-0.412709854566519 0.9963697282195179 0.015607225761290262
-0.5991618415616675 0.8967090648504589 0.015607225761290262
-0.7625883749994334 0.7625883749994335 0.015607225761290262
-0.8967090648504589 0.5991618415616677 0.015607225761290262
-0.9963697282195179 0.41270985456651915 0.015607225761290262
-1.057740461703682 0.21039765931073226 0.015607225761290262
-1.0784628224322585 1.3207360434910859e-16 0.015607225761290262
-1.057740461703682 -0.21039765931073198 0.015607225761290262
-0.996369728219518 -0.41270985456651893 0.015607225761290262
-0.896709064850459 -0.5991618415616675 0.015607225761290262
-0.7625883749994337 -0.7625883749994334 0.015607225761290262
-0.5991618415616677 -0.8967090648504586 0.015607225761290262
-0.41270985456651965 -0.9963697282195176 0.015607225761290262
-0.21039765931073232 -1.0577404617036819 0.015607225761290262
-1.9811040652366285e-16 -1.0784628224322585 0.015607225761290262
0.21039765931073193 -1.057740461703682 0.015607225761290262
0.41270985456651926 -0.9963697282195177 0.015607225761290262
0.5991618415616674 -0.896709064850459 0.015607225761290262
0.7625883749994333 -0.7625883749994337 0.015607225761290262
0.8967090648504586 -0.5991618415616677 0.015607225761290262
0.9963697282195176 -0.4127098545665197 0.015607225761290262
1.0577404617036819 -0.21039765931073237 0.015607225761290262
1.073910362600903 0.0 0.030614674589207188
1.0532754761114616 0.20950951845626722 0.030614674589207188
0.9921638037587487 0.4109677036125517 0.030614674589207188
0.8929238328394586 0.5966326303923492 0.030614674589207188
0.7593692997816027 0.7593692997816026 0.030614674589207188
0.5966326303923493 0.8929238328394586 0.030614674589207188
0.41096770361255175 0.9921638037587487 0.030614674589207188
0.2095095184562673 1.0532754761114616 0.030614674589207188
6.575804440651847e-17 1.073910362600903 0.030614674589207188
-0.20950951845626717 1.0532754761114616 0.030614674589207188
-0.41096770361255164 0.9921638037587487 0.030614674589207188
-0.5966326303923489 0.8929238328394588 0.030614674589207188
-0.7593692997816026 0.7593692997816027 0.030614674589207188
-0.8929238328394588 0.5966326303923492 0.030614674589207188
-0.9921638037587487 0.4109677036125518 0.030614674589207188
-1.0532754761114616 0.2095095184562676 0.030614674589207188
-1.073910362600903 1.3151608881303694e-16 0.030614674589207188
-1.0532754761114616 -0.20950951845626734 0.030614674589207188
-0.9921638037587488 -0.4109677036125516 0.030614674589207188
-0.8929238328394589 -0.5966326303923489 0.030614674589207188
-0.7593692997816028 -0.7593692997816026 0.030614674589207188
-0.5966326303923492 -0.8929238328394586 0.030614674589207188
-0.4109677036125523 -0.9921638037587485 0.030614674589207188
-0.20950951845626767 -1.0532754761114613 0.030614674589207188
-1.9727413321955538e-16 -1.073910362600903 0.030614674589207188
0.20950951845626728 -1.0532754761114616 0.030614674589207188
0.41096770361255197 -0.9921638037587486 0.030614674589207188
0.5966326303923488 -0.8929238328394589 0.030614674589207188
0.7593692997816024 -0.7593692997816028 0.030614674589207188
0.8929238328394586 -0.5966326303923492 0.030614674589207188
0.9921638037587485 -0.41096770361255236 0.030614674589207188
1.0532754761114613 -0.20950951845626772 0.030614674589207188
1.0665175689842037 0.0 0.04444561864156818
1.0460247329511438 0.20806725596898656 0.04444561864156818
0.9853337530482001 0.4081386039765465 0.04444561864156818
0.8867769495971489 0.5925254143200537 0.04444561864156818
0.754141805283322 0.7541418052833219 0.04444561864156818
0.5925254143200538 0.8867769495971489 0.04444561864156818
0.40813860397654655 0.9853337530482001 0.04444561864156818
0.20806725596898665 1.0460247329511438 0.04444561864156818
6.530536635454608e-17 1.0665175689842037 0.04444561864156818
-0.2080672559689865 1.0460247329511438 0.04444561864156818
-0.40813860397654644 0.9853337530482001 0.04444561864156818
-0.5925254143200535 0.886776949597149 0.04444561864156818
-0.7541418052833219 0.754141805283322 0.04444561864156818
-0.886776949597149 0.5925254143200537 0.04444561864156818
-0.9853337530482001 0.4081386039765466 0.04444561864156818
-1.0460247329511438 0.20806725596898695 0.04444561864156818
-1.0665175689842037 1.3061073270909215e-16 0.04444561864156818
-1.0460247329511438 -0.2080672559689867 0.04444561864156818
-0.9853337530482003 -0.4081386039765464 0.04444561864156818
-0.8867769495971491 -0.5925254143200535 0.04444561864156818
-0.7541418052833221 -0.7541418052833219 0.04444561864156818
-0.5925254143200537 -0.8867769495971489 0.04444561864156818
-0.40813860397654705 -0.9853337530481999 0.04444561864156818
-0.208067255968987 -1.0460247329511438 0.04444561864156818
-1.959160990636382e-16 -1.0665175689842037 0.04444561864156818
0.20806725596898662 -1.0460247329511438 0.04444561864156818
0.4081386039765467 -0.9853337530482 0.04444561864156818
0.5925254143200533 -0.8867769495971491 0.04444561864156818
0.7541418052833218 -0.7541418052833221 0.04444561864156818
0.8867769495971489 -0.5925254143200537 0.04444561864156818
0.9853337530481999 -0.40813860397654717 0.04444561864156818
1.0460247329511438 -0.20806725596898706 0.04444561864156818
1.0565685424949238 0.0 0.05656854249492381
1.0362668742161163 0.20612629718744596 0.05656854249492381
0.9761420511063418 0.4043312763709377 0.05656854249492381
0.8785046363993196 0.5869980313550863 0.05656854249492381
0.7471067811865476 0.7471067811865475 0.05656854249492381
0.5869980313550864 0.8785046363993196 0.05656854249492381
0.40433127637093774 0.9761420511063418 0.05656854249492381
0.20612629718744607 1.0362668742161163 0.05656854249492381
6.469616418230964e-17 1.0565685424949238 0.05656854249492381
-0.2061262971874459 1.0362668742161163 0.05656854249492381
-0.40433127637093763 0.9761420511063418 0.05656854249492381
-0.586998031355086 0.8785046363993197 0.05656854249492381
-0.7471067811865475 0.7471067811865476 0.05656854249492381
-0.8785046363993197 0.5869980313550863 0.05656854249492381
-0.9761420511063418 0.4043312763709378 0.05656854249492381
-1.0362668742161163 0.20612629718744635 0.05656854249492381
-1.0565685424949238 1.2939232836461928e-16 0.05656854249492381
-1.0362668742161163 -0.2061262971874461 0.05656854249492381
-0.9761420511063419 -0.4043312763709376 0.05656854249492381
-0.8785046363993199 -0.586998031355086 0.05656854249492381
-0.7471067811865477 -0.7471067811865475 0.05656854249492381
-0.5869980313550863 -0.8785046363993196 0.05656854249492381
-0.40433127637093824 -0.9761420511063416 0.05656854249492381
-0.2061262971874464 -1.0362668742161163 0.05656854249492381
-1.9408849254692888e-16 -1.0565685424949238 0.05656854249492381
0.20612629718744602 -1.0362668742161163 0.05656854249492381
0.4043312763709379 -0.9761420511063417 0.05656854249492381
0.5869980313550859 -0.8785046363993199 0.05656854249492381
0.7471067811865474 -0.7471067811865477 0.05656854249492381
0.8785046363993196 -0.5869980313550863 0.05656854249492381
0.9761420511063416 -0.4043312763709383 0.05656854249492381
1.0362668742161163 -0.20612629718744646 0.05656854249492381
1.0444456186415683 0.0 0.06651756898420363
1.024376888945296 0.20376123206911784 0.06651756898420363
0.9649419298840337 0.3996920342604349 0.06651756898420363
0.8684247936029967 0.5802628957249987 0.06651756898420363
0.7385345795220317 0.7385345795220316 0.06651756898420363
0.5802628957249988 0.8684247936029967 0.06651756898420363
0.399692034260435 0.9649419298840337 0.06651756898420363
0.20376123206911792 1.024376888945296 0.06651756898420363
6.395384918764368e-17 1.0444456186415683 0.06651756898420363
-0.20376123206911778 1.024376888945296 0.06651756898420363
-0.39969203426043487 0.9649419298840337 0.06651756898420363
-0.5802628957249985 0.8684247936029968 0.06651756898420363
-0.7385345795220316 0.7385345795220317 0.06651756898420363
-0.8684247936029968 0.5802628957249987 0.06651756898420363
-0.9649419298840337 0.39969203426043504 0.06651756898420363
-1.024376888945296 0.2037612320691182 0.06651756898420363
-1.0444456186415683 1.2790769837528736e-16 0.06651756898420363
-1.024376888945296 -0.20376123206911795 0.06651756898420363
-0.9649419298840338 -0.3996920342604348 0.06651756898420363
-0.868424793602997 -0.5802628957249985 0.06651756898420363
-0.7385345795220318 -0.7385345795220316 0.06651756898420363
-0.5802628957249987 -0.8684247936029967 0.06651756898420363
-0.39969203426043554 -0.9649419298840335 0.06651756898420363
-0.20376123206911828 -1.024376888945296 0.06651756898420363
-1.9186154756293105e-16 -1.0444456186415683 0.06651756898420363
0.2037612320691179 -1.024376888945296 0.06651756898420363
0.3996920342604352 -0.9649419298840336 0.06651756898420363
0.5802628957249982 -0.868424793602997 0.06651756898420363
0.7385345795220315 -0.7385345795220318 0.06651756898420363
0.8684247936029967 -0.5802628957249987 0.06651756898420363
0.9649419298840335 -0.3996920342604356 0.06651756898420363
1.024376888945296 -0.20376123206911834 0.06651756898420363
1.030614674589207 0.0 0.07391036260090296
1.0108117026046595 0.20106294874015562 0.07391036260090296
0.9521638037587485 0.39439916111762785 0.07391036260090296
0.8569247839140018 0.5725788349149472 0.07391036260090296
0.7287546251923954 0.7287546251923953 0.07391036260090296
0.5725788349149473 0.8569247839140018 0.07391036260090296
0.3943991611176279 0.9521638037587485 0.07391036260090296
0.20106294874015573 1.0108117026046595 0.07391036260090296
6.310694811949817e-17 1.030614674589207 0.07391036260090296
-0.20106294874015557 1.0108117026046595 0.07391036260090296
-0.3943991611176278 0.9521638037587485 0.07391036260090296
-0.572578834914947 0.856924783914002 0.07391036260090296
-0.7287546251923953 0.7287546251923954 0.07391036260090296
-0.856924783914002 0.5725788349149472 0.07391036260090296
-0.9521638037587485 0.39439916111762796 0.07391036260090296
-1.0108117026046595 0.201062948740156 0.07391036260090296
-1.030614674589207 1.2621389623899635e-16 0.07391036260090296
-1.0108117026046595 -0.20106294874015576 0.07391036260090296
-0.9521638037587487 -0.39439916111762774 0.07391036260090296
-0.8569247839140021 -0.572578834914947 0.07391036260090296
-0.7287546251923955 -0.7287546251923953 0.07391036260090296
-0.5725788349149472 -0.8569247839140018 0.07391036260090296
-0.3943991611176284 -0.9521638037587483 0.07391036260090296
-0.20106294874015607 -1.0108117026046595 0.07391036260090296
-1.893208443584945e-16 -1.030614674589207 0.07391036260090296
0.2010629487401557 -1.0108117026046595 0.07391036260090296
0.39439916111762807 -0.9521638037587484 0.07391036260090296
0.5725788349149469 -0.8569247839140021 0.07391036260090296
0.7287546251923952 -0.7287546251923955 0.07391036260090296
0.8569247839140018 -0.5725788349149472 0.07391036260090296
0.9521638037587483 -0.39439916111762846 0.07391036260090296
1.0108117026046595 -0.20106294874015612 0.07391036260090296
1.0156072257612903 0.0 0.07846282243225845
0.996092617697834 0.19813514071567678 0.07846282243225845
0.9382987289514257 0.3886560590891172 0.07846282243225845
0.8444465462554035 0.5642411430725918 0.07846282243225845
0.7181427563578653 0.7181427563578652 0.07846282243225845
0.5642411430725919 0.8444465462554035 0.07846282243225845
0.38865605908911727 0.9382987289514257 0.07846282243225845
0.19813514071567687 0.996092617697834 0.07846282243225845
6.218800691097437e-17 1.0156072257612903 0.07846282243225845
-0.19813514071567673 0.996092617697834 0.07846282243225845
-0.38865605908911716 0.9382987289514257 0.07846282243225845
-0.5642411430725915 0.8444465462554036 0.07846282243225845
-0.7181427563578652 0.7181427563578653 0.07846282243225845
-0.8444465462554036 0.5642411430725918 0.07846282243225845
-0.9382987289514257 0.3886560590891173 0.07846282243225845
-0.996092617697834 0.19813514071567714 0.07846282243225845
-1.0156072257612903 1.2437601382194874e-16 0.07846282243225845
-0.996092617697834 -0.1981351407156769 0.07846282243225845
-0.9382987289514259 -0.3886560590891171 0.07846282243225845
-0.8444465462554037 -0.5642411430725915 0.07846282243225845
-0.7181427563578654 -0.7181427563578652 0.07846282243225845
-0.5642411430725918 -0.8444465462554035 0.07846282243225845
-0.38865605908911777 -0.9382987289514255 0.07846282243225845
-0.1981351407156772 -0.9960926176978339 0.07846282243225845
-1.865640207329231e-16 -1.0156072257612903 0.07846282243225845
0.19813514071567684 -0.996092617697834 0.07846282243225845
0.38865605908911743 -0.9382987289514256 0.07846282243225845
0.5642411430725914 -0.8444465462554037 0.07846282243225845
0.7181427563578651 -0.7181427563578654 0.07846282243225845
0.8444465462554035 -0.5642411430725918 0.07846282243225845
0.9382987289514255 -0.3886560590891178 0.07846282243225845
0.9960926176978339 -0.19813514071567725 0.07846282243225845
1.0 0.0 0.08000000000000002
0.9807852804032304 0.19509032201612825 0.08000000000000002
0.9238795325112867 0.3826834323650898 0.08000000000000002
0.8314696123025452 0.5555702330196022 0.08000000000000002
0.7071067811865476 0.7071067811865475 0.08000000000000002
0.5555702330196023 0.8314696123025452 0.08000000000000002
0.38268343236508984 0.9238795325112867 0.08000000000000002
0.19509032201612833 0.9807852804032304 0.08000000000000002
6.123233995736766e-17 1.0 0.08000000000000002
-0.1950903220161282 0.9807852804032304 0.08000000000000002
-0.3826834323650897 0.9238795325112867 0.08000000000000002
-0.555570233019602 0.8314696123025453 0.08000000000000002
-0.7071067811865475 0.7071067811865476 0.08000000000000002
-0.8314696123025453 0.5555702330196022 0.08000000000000002
-0.9238795325112867 0.3826834323650899 0.08000000000000002
-0.9807852804032304 0.1950903220161286 0.08000000000000002
-1.0 1.2246467991473532e-16 0.08000000000000002
-0.9807852804032304 -0.19509032201612836 0.08000000000000002
-0.9238795325112868 -0.38268343236508967 0.08000000000000002
-0.8314696123025455 -0.555570233019602 0.08000000000000002
-0.7071067811865477 -0.7071067811865475 0.08000000000000002
-0.5555702330196022 -0.8314696123025452 0.08000000000000002
-0.38268343236509034 -0.9238795325112865 0.08000000000000002
-0.19509032201612866 -0.9807852804032303 0.08000000000000002
-1.8369701987210297e-16 -1.0 0.08000000000000002
0.1950903220161283 -0.9807852804032304 0.08000000000000002
0.38268343236509 -0.9238795325112866 0.08000000000000002
0.5555702330196018 -0.8314696123025455 0.08000000000000002
0.7071067811865474 -0.7071067811865477 0.08000000000000002
0.8314696123025452 -0.5555702330196022 0.08000000000000002
0.9238795325112865 -0.3826834323650904 0.08000000000000002
0.9807852804032303 -0.19509032201612872 0.08000000000000002
0.9843927742387097 0.0 0.07846282243225845
0.9654779431086269 0.1920455033165797 0.07846282243225845
0.9094603360711477 0.37671080564106235 0.07846282243225845
0.818492678349687 0.5468993229666126 0.07846282243225845
0.6960708060152299 0.6960708060152297 0.07846282243225845
0.5468993229666127 0.818492678349687 0.07846282243225845
0.3767108056410624 0.9094603360711477 0.07846282243225845
0.1920455033165798 0.9654779431086269 0.07846282243225845
6.027667300376095e-17 0.9843927742387097 0.07846282243225845
-0.19204550331657966 0.9654779431086269 0.07846282243225845
-0.3767108056410623 0.9094603360711477 0.07846282243225845
-0.5468993229666124 0.8184926783496871 0.07846282243225845
-0.6960708060152297 0.6960708060152299 0.07846282243225845
-0.8184926783496871 0.5468993229666126 0.07846282243225845
-0.9094603360711477 0.37671080564106246 0.07846282243225845
-0.9654779431086269 0.19204550331658007 0.07846282243225845
-0.9843927742387097 1.205533460075219e-16 0.07846282243225845
-0.9654779431086269 -0.19204550331657982 0.07846282243225845
-0.9094603360711478 -0.37671080564106224 0.07846282243225845
-0.8184926783496872 -0.5468993229666124 0.07846282243225845
-0.69607080601523 -0.6960708060152297 0.07846282243225845
-0.5468993229666126 -0.818492678349687 0.07846282243225845
-0.3767108056410629 -0.9094603360711475 0.07846282243225845
-0.19204550331658013 -0.9654779431086268 0.07846282243225845
-1.8083001901128283e-16 -0.9843927742387097 0.07846282243225845
0.19204550331657977 -0.9654779431086269 0.07846282243225845
0.3767108056410626 -0.9094603360711476 0.07846282243225845
0.5468993229666123 -0.8184926783496872 0.07846282243225845
0.6960708060152296 -0.69607080601523 0.07846282243225845
0.818492678349687 -0.5468993229666126 0.07846282243225845
0.9094603360711475 -0.37671080564106296 0.07846282243225845
0.9654779431086268 -0.19204550331658019 0.07846282243225845
0.9693853254107928 0.0 0.07391036260090296
0.9507588582018012 0.18911769529210085 0.07391036260090296
0.8955952612638248 0.37096770361255166 0.07391036260090296
0.8060144406910885 0.538561631124257 0.07391036260090296
0.6854589371806997 0.6854589371806996 0.07391036260090296
0.5385616311242571 0.8060144406910885 0.07391036260090296
0.3709677036125517 0.8955952612638248 0.07391036260090296
0.18911769529210093 0.9507588582018012 0.07391036260090296
5.935773179523715e-17 0.9693853254107928 0.07391036260090296
-0.1891176952921008 0.9507588582018012 0.07391036260090296
-0.3709677036125516 0.8955952612638248 0.07391036260090296
-0.5385616311242568 0.8060144406910886 0.07391036260090296
-0.6854589371806996 0.6854589371806997 0.07391036260090296
-0.8060144406910886 0.538561631124257 0.07391036260090296
-0.8955952612638248 0.37096770361255177 0.07391036260090296
-0.9507588582018012 0.18911769529210118 0.07391036260090296
-0.9693853254107928 1.187154635904743e-16 0.07391036260090296
-0.9507588582018012 -0.18911769529210096 0.07391036260090296
-0.8955952612638249 -0.37096770361255155 0.07391036260090296
-0.8060144406910887 -0.5385616311242568 0.07391036260090296
-0.6854589371806998 -0.6854589371806996 0.07391036260090296
-0.538561631124257 -0.8060144406910885 0.07391036260090296
-0.3709677036125522 -0.8955952612638246 0.07391036260090296
-0.18911769529210123 -0.9507588582018011 0.07391036260090296
-1.7807319538571141e-16 -0.9693853254107928 0.07391036260090296
0.1891176952921009 -0.9507588582018012 0.07391036260090296
0.3709677036125519 -0.8955952612638247 0.07391036260090296
0.5385616311242567 -0.8060144406910887 0.07391036260090296
0.6854589371806995 -0.6854589371806998 0.07391036260090296
0.8060144406910885 -0.538561631124257 0.07391036260090296
0.8955952612638246 -0.37096770361255227 0.07391036260090296
0.9507588582018011 -0.1891176952921013 0.07391036260090296
0.9555543813584318 0.0 0.06651756898420363
0.937193671861165 0.1864194119631387 0.06651756898420363
0.8828171351385399 0.36567483046974464 0.06651756898420363
0.7945144310020937 0.5308775703142058 0.06651756898420363
0.6756789828510635 0.6756789828510634 0.06651756898420363
0.5308775703142059 0.7945144310020937 0.06651756898420363
0.3656748304697447 0.8828171351385399 0.06651756898420363
0.18641941196313877 0.937193671861165 0.06651756898420363
5.851083072709164e-17 0.9555543813584318 0.06651756898420363
-0.18641941196313863 0.937193671861165 0.06651756898420363
-0.3656748304697446 0.8828171351385399 0.06651756898420363
-0.5308775703142056 0.7945144310020938 0.06651756898420363
-0.6756789828510634 0.6756789828510635 0.06651756898420363
-0.7945144310020938 0.5308775703142058 0.06651756898420363
-0.8828171351385399 0.36567483046974475 0.06651756898420363
-0.937193671861165 0.18641941196313902 0.06651756898420363
-0.9555543813584318 1.1702166145418328e-16 0.06651756898420363
-0.937193671861165 -0.1864194119631388 0.06651756898420363
-0.8828171351385399 -0.3656748304697446 0.06651756898420363
-0.794514431002094 -0.5308775703142056 0.06651756898420363
-0.6756789828510636 -0.6756789828510634 0.06651756898420363
-0.5308775703142058 -0.7945144310020937 0.06651756898420363
-0.3656748304697452 -0.8828171351385397 0.06651756898420363
-0.18641941196313908 -0.9371936718611649 0.06651756898420363
-1.755324921812749e-16 -0.9555543813584318 0.06651756898420363
0.18641941196313874 -0.937193671861165 0.06651756898420363
0.36567483046974486 -0.8828171351385398 0.06651756898420363
0.5308775703142055 -0.794514431002094 0.06651756898420363
0.6756789828510633 -0.6756789828510636 0.06651756898420363
0.7945144310020937 -0.5308775703142058 0.06651756898420363
0.8828171351385397 -0.36567483046974525 0.06651756898420363
0.9371936718611649 -0.18641941196313913 0.06651756898420363
0.9434314575050762 0.0 0.05656854249492382
0.9253036865903446 0.18405434684481053 0.05656854249492382
0.8716170139162317 0.3610355883592419 0.05656854249492382
0.7844345882057708 0.524142434684118 0.05656854249492382
0.6671067811865475 0.6671067811865474 0.05656854249492382
0.5241424346841181 0.7844345882057708 0.05656854249492382
0.36103558835924193 0.8716170139162317 0.05656854249492382
0.1840543468448106 0.9253036865903446 0.05656854249492382
5.776851573242568e-17 0.9434314575050762 0.05656854249492382
-0.18405434684481048 0.9253036865903446 0.05656854249492382
-0.3610355883592418 0.8716170139162317 0.05656854249492382
-0.5241424346841179 0.7844345882057709 0.05656854249492382
-0.6671067811865474 0.6671067811865475 0.05656854249492382
-0.7844345882057709 0.524142434684118 0.05656854249492382
-0.8716170139162317 0.361035588359242 0.05656854249492382
-0.9253036865903446 0.18405434684481087 0.05656854249492382
-0.9434314575050762 1.1553703146485136e-16 0.05656854249492382
-0.9253036865903446 -0.18405434684481062 0.05656854249492382
-0.8716170139162318 -0.36103558835924177 0.05656854249492382
-0.784434588205771 -0.5241424346841179 0.05656854249492382
-0.6671067811865476 -0.6671067811865474 0.05656854249492382
-0.524142434684118 -0.7844345882057708 0.05656854249492382
-0.36103558835924243 -0.8716170139162315 0.05656854249492382
-0.18405434684481092 -0.9253036865903445 0.05656854249492382
-1.7330554719727706e-16 -0.9434314575050762 0.05656854249492382
0.1840543468448106 -0.9253036865903446 0.05656854249492382
0.3610355883592421 -0.8716170139162316 0.05656854249492382
0.5241424346841178 -0.784434588205771 0.05656854249492382
0.6671067811865473 -0.6671067811865476 0.05656854249492382
0.7844345882057708 -0.524142434684118 0.05656854249492382
0.8716170139162315 -0.3610355883592425 0.05656854249492382
0.9253036865903445 -0.18405434684481098 0.05656854249492382
0.9334824310157963 0.0 0.04444561864156818
0.915545827855317 0.18211338806326993 0.04444561864156818
0.8624253119743733 0.35722826075363306 0.04444561864156818
0.7761622750079415 0.5186150517191507 0.04444561864156818
0.6600717570897732 0.6600717570897731 0.04444561864156818
0.5186150517191508 0.7761622750079415 0.04444561864156818
0.3572282607536331 0.8624253119743733 0.04444561864156818
0.18211338806327002 0.915545827855317 0.04444561864156818
5.715931356018925e-17 0.9334824310157963 0.04444561864156818
-0.18211338806326988 0.915545827855317 0.04444561864156818
-0.357228260753633 0.8624253119743733 0.04444561864156818
-0.5186150517191505 0.7761622750079417 0.04444561864156818
-0.6600717570897731 0.6600717570897732 0.04444561864156818
-0.7761622750079417 0.5186150517191507 0.04444561864156818
-0.8624253119743733 0.3572282607536332 0.04444561864156818
-0.915545827855317 0.18211338806327027 0.04444561864156818
-0.9334824310157963 1.143186271203785e-16 0.04444561864156818
-0.915545827855317 -0.18211338806327002 0.04444561864156818
-0.8624253119743734 -0.35722826075363295 0.04444561864156818
-0.7761622750079418 -0.5186150517191505 0.04444561864156818
-0.6600717570897733 -0.6600717570897731 0.04444561864156818
-0.5186150517191507 -0.7761622750079415 0.04444561864156818
-0.3572282607536336 -0.8624253119743731 0.04444561864156818
-0.18211338806327032 -0.9155458278553169 0.04444561864156818
-1.7147794068056774e-16 -0.9334824310157963 0.04444561864156818
0.18211338806327 -0.915545827855317 0.04444561864156818
0.3572282607536333 -0.8624253119743732 0.04444561864156818
0.5186150517191503 -0.7761622750079418 0.04444561864156818
0.660071757089773 -0.6600717570897733 0.04444561864156818
0.7761622750079415 -0.5186150517191507 0.04444561864156818
0.8624253119743731 -0.3572282607536336 0.04444561864156818
0.9155458278553169 -0.18211338806327038 0.04444561864156818
0.926089637399097 0.0 0.0306146745892072
0.9082950846949993 0.18067112557598927 0.0306146745892072
0.8555952612638248 0.35439916111762787 0.0306146745892072
0.7700153917656318 0.5145078356468552 0.0306146745892072
0.6548442625914924 0.6548442625914923 0.0306146745892072
0.5145078356468553 0.7700153917656318 0.0306146745892072
0.3543991611176279 0.8555952612638248 0.0306146745892072
0.18067112557598936 0.9082950846949993 0.0306146745892072
5.670663550821685e-17 0.926089637399097 0.0306146745892072
-0.18067112557598922 0.9082950846949993 0.0306146745892072
-0.3543991611176278 0.8555952612638248 0.0306146745892072
-0.514507835646855 0.7700153917656319 0.0306146745892072
-0.6548442625914923 0.6548442625914924 0.0306146745892072
-0.7700153917656319 0.5145078356468552 0.0306146745892072
-0.8555952612638248 0.354399161117628 0.0306146745892072
-0.9082950846949993 0.1806711255759896 0.0306146745892072
-0.926089637399097 1.134132710164337e-16 0.0306146745892072
-0.9082950846949993 -0.18067112557598938 0.0306146745892072
-0.8555952612638249 -0.35439916111762776 0.0306146745892072
-0.770015391765632 -0.514507835646855 0.0306146745892072
-0.6548442625914925 -0.6548442625914923 0.0306146745892072
-0.5145078356468552 -0.7700153917656318 0.0306146745892072
-0.35439916111762837 -0.8555952612638246 0.0306146745892072
-0.18067112557598966 -0.9082950846949992 0.0306146745892072
-1.7011990652465056e-16 -0.926089637399097 0.0306146745892072
0.18067112557598933 -0.9082950846949993 0.0306146745892072
0.35439916111762804 -0.8555952612638247 0.0306146745892072
0.5145078356468549 -0.770015391765632 0.0306146745892072
0.6548442625914923 -0.6548442625914925 0.0306146745892072
0.7700153917656318 -0.5145078356468552 0.0306146745892072
0.8555952612638246 -0.3543991611176284 0.0306146745892072
0.9082950846949992 -0.18067112557598972 0.0306146745892072
0.9215371775677416 0.0 0.015607225761290292
0.903830099102779 0.17978298472152465 0.015607225761290292
0.8513893368030557 0.3526570101636606 0.015607225761290292
0.7662301597546318 0.5119786244775367 0.015607225761290292
0.6516251873736617 0.6516251873736616 0.015607225761290292
0.5119786244775368 0.7662301597546318 0.015607225761290292
0.35265701016366063 0.8513893368030557 0.015607225761290292
0.17978298472152474 0.903830099102779 0.015607225761290292
5.642787774018104e-17 0.9215371775677416 0.015607225761290292
-0.1797829847215246 0.903830099102779 0.015607225761290292
-0.3526570101636605 0.8513893368030557 0.015607225761290292
-0.5119786244775365 0.7662301597546319 0.015607225761290292
-0.6516251873736616 0.6516251873736617 0.015607225761290292
-0.7662301597546319 0.5119786244775367 0.015607225761290292
-0.8513893368030557 0.3526570101636607 0.015607225761290292
-0.903830099102779 0.17978298472152499 0.015607225761290292
-0.9215371775677416 1.1285575548036208e-16 0.015607225761290292
-0.903830099102779 -0.17978298472152476 0.015607225761290292
-0.8513893368030558 -0.35265701016366047 0.015607225761290292
-0.766230159754632 -0.5119786244775365 0.015607225761290292
-0.6516251873736618 -0.6516251873736616 0.015607225761290292
-0.5119786244775367 -0.7662301597546318 0.015607225761290292
-0.3526570101636611 -0.8513893368030555 0.015607225761290292
-0.17978298472152504 -0.9038300991027789 0.015607225761290292
-1.692836332205431e-16 -0.9215371775677416 0.015607225761290292
0.1797829847215247 -0.903830099102779 0.015607225761290292
0.35265701016366074 -0.8513893368030556 0.015607225761290292
0.5119786244775364 -0.766230159754632 0.015607225761290292
0.6516251873736615 -0.6516251873736618 0.015607225761290292
0.7662301597546318 -0.5119786244775367 0.015607225761290292
0.8513893368030555 -0.35265701016366113 0.015607225761290292
0.9038300991027789 -0.1797829847215251 0.015607225761290292
0.9199999999999999 0.0 9.797174393178827e-18
0.9023224579709719 0.17948309625483796 9.797174393178827e-18
0.8499691699103837 0.3520687577758826 9.797174393178827e-18
0.7649520433183415 0.5111246143780339 9.797174393178827e-18
0.6505382386916237 0.6505382386916236 9.797174393178827e-18
0.511124614378034 0.7649520433183415 9.797174393178827e-18
0.35206875777588265 0.8499691699103837 9.797174393178827e-18
0.17948309625483805 0.9023224579709719 9.797174393178827e-18
5.633375276077825e-17 0.9199999999999999 9.797174393178827e-18
-0.17948309625483794 0.9023224579709719 9.797174393178827e-18
-0.35206875777588253 0.8499691699103837 9.797174393178827e-18
-0.5111246143780338 0.7649520433183417 9.797174393178827e-18
-0.6505382386916236 0.6505382386916237 9.797174393178827e-18
-0.7649520433183417 0.5111246143780339 9.797174393178827e-18
-0.8499691699103837 0.3520687577758827 9.797174393178827e-18
-0.9023224579709719 0.1794830962548383 9.797174393178827e-18
-0.9199999999999999 1.126675055215565e-16 9.797174393178827e-18
-0.9023224579709719 -0.17948309625483808 9.797174393178827e-18
-0.8499691699103838 -0.3520687577758825 9.797174393178827e-18
-0.7649520433183418 -0.5111246143780338 9.797174393178827e-18
-0.6505382386916239 -0.6505382386916236 9.797174393178827e-18
-0.5111246143780339 -0.7649520433183415 9.797174393178827e-18
-0.3520687577758831 -0.8499691699103835 9.797174393178827e-18
-0.17948309625483835 -0.9023224579709718 9.797174393178827e-18
-1.6900125828233471e-16 -0.9199999999999999 9.797174393178827e-18
0.17948309625483802 -0.9023224579709719 9.797174393178827e-18
0.35206875777588276 -0.8499691699103836 9.797174393178827e-18
0.5111246143780337 -0.7649520433183418 9.797174393178827e-18
0.6505382386916235 -0.6505382386916239 9.797174393178827e-18
0.7649520433183415 -0.5111246143780339 9.797174393178827e-18
0.8499691699103835 -0.35206875777588315 9.797174393178827e-18
0.9023224579709718 -0.1794830962548384 9.797174393178827e-18
0.9215371775677416 0.0 -0.015607225761290271
0.903830099102779 0.17978298472152465 -0.015607225761290271
0.8513893368030557 0.3526570101636606 -0.015607225761290271
0.7662301597546318 0.5119786244775367 -0.015607225761290271
0.6516251873736617 0.6516251873736616 -0.015607225761290271
0.5119786244775368 0.7662301597546318 -0.015607225761290271
0.35265701016366063 0.8513893368030557 -0.015607225761290271
0.17978298472152474 0.903830099102779 -0.015607225761290271
5.642787774018104e-17 0.9215371775677416 -0.015607225761290271
-0.1797829847215246 0.903830099102779 -0.015607225761290271
-0.3526570101636605 0.8513893368030557 -0.015607225761290271
-0.5119786244775365 0.7662301597546319 -0.015607225761290271
-0.6516251873736616 0.6516251873736617 -0.015607225761290271
-0.7662301597546319 0.5119786244775367 -0.015607225761290271
-0.8513893368030557 0.3526570101636607 -0.015607225761290271
-0.903830099102779 0.17978298472152499 -0.015607225761290271
-0.9215371775677416 1.1285575548036208e-16 -0.015607225761290271
-0.903830099102779 -0.17978298472152476 -0.015607225761290271
-0.8513893368030558 -0.35265701016366047 -0.015607225761290271
-0.766230159754632 -0.5119786244775365 -0.015607225761290271
-0.6516251873736618 -0.6516251873736616 -0.015607225761290271
-0.5119786244775367 -0.7662301597546318 -0.015607225761290271
-0.3526570101636611 -0.8513893368030555 -0.015607225761290271
-0.17978298472152504 -0.9038300991027789 -0.015607225761290271
-1.692836332205431e-16 -0.9215371775677416 -0.015607225761290271
0.1797829847215247 -0.903830099102779 -0.015607225761290271
0.35265701016366074 -0.8513893368030556 -0.015607225761290271
0.5119786244775364 -0.766230159754632 -0.015607225761290271
0.6516251873736615 -0.6516251873736618 -0.015607225761290271
0.7662301597546318 -0.5119786244775367 -0.015607225761290271
0.8513893368030555 -0.35265701016366113 -0.015607225761290271
0.9038300991027789 -0.1797829847215251 -0.015607225761290271
0.926089637399097 0.0 -0.03061467458920718
0.9082950846949993 0.18067112557598927 -0.03061467458920718
0.8555952612638248 0.35439916111762787 -0.03061467458920718
0.7700153917656318 0.5145078356468552 -0.03061467458920718
0.6548442625914924 0.6548442625914923 -0.03061467458920718
0.5145078356468553 0.7700153917656318 -0.03061467458920718
0.3543991611176279 0.8555952612638248 -0.03061467458920718
0.18067112557598936 0.9082950846949993 -0.03061467458920718
5.670663550821685e-17 0.926089637399097 -0.03061467458920718
-0.18067112557598922 0.9082950846949993 -0.03061467458920718
-0.3543991611176278 0.8555952612638248 -0.03061467458920718
-0.514507835646855 0.7700153917656319 -0.03061467458920718
-0.6548442625914923 0.6548442625914924 -0.03061467458920718
-0.7700153917656319 0.5145078356468552 -0.03061467458920718
-0.8555952612638248 0.354399161117628 -0.03061467458920718
-0.9082950846949993 0.1806711255759896 -0.03061467458920718
-0.926089637399097 1.134132710164337e-16 -0.03061467458920718
-0.9082950846949993 -0.18067112557598938 -0.03061467458920718
-0.8555952612638249 -0.35439916111762776 -0.03061467458920718
-0.770015391765632 -0.514507835646855 -0.03061467458920718
-0.6548442625914925 -0.6548442625914923 -0.03061467458920718
-0.5145078356468552 -0.7700153917656318 -0.03061467458920718
-0.35439916111762837 -0.8555952612638246 -0.03061467458920718
-0.18067112557598966 -0.9082950846949992 -0.03061467458920718
-1.7011990652465056e-16 -0.926089637399097 -0.03061467458920718
0.18067112557598933 -0.9082950846949993 -0.03061467458920718
0.35439916111762804 -0.8555952612638247 -0.03061467458920718
0.5145078356468549 -0.770015391765632 -0.03061467458920718
0.6548442625914923 -0.6548442625914925 -0.03061467458920718
0.7700153917656318 -0.5145078356468552 -0.03061467458920718
0.8555952612638246 -0.3543991611176284 -0.03061467458920718
0.9082950846949992 -0.18067112557598972 -0.03061467458920718
0.9334824310157963 0.0 -0.044445618641568166
0.915545827855317 0.18211338806326993 -0.044445618641568166
0.8624253119743733 0.35722826075363306 -0.044445618641568166
0.7761622750079415 0.5186150517191507 -0.044445618641568166
0.6600717570897732 0.6600717570897731 -0.044445618641568166
0.5186150517191508 0.7761622750079415 -0.044445618641568166
0.3572282607536331 0.8624253119743733 -0.044445618641568166
0.18211338806327002 0.915545827855317 -0.044445618641568166
5.715931356018925e-17 0.9334824310157963 -0.044445618641568166
-0.18211338806326988 0.915545827855317 -0.044445618641568166
-0.357228260753633 0.8624253119743733 -0.044445618641568166
-0.5186150517191505 0.7761622750079417 -0.044445618641568166
-0.6600717570897731 0.6600717570897732 -0.044445618641568166
-0.7761622750079417 0.5186150517191507 -0.044445618641568166
-0.8624253119743733 0.3572282607536332 -0.044445618641568166
-0.915545827855317 0.18211338806327027 -0.044445618641568166
-0.9334824310157963 1.143186271203785e-16 -0.044445618641568166
-0.915545827855317 -0.18211338806327002 -0.044445618641568166
-0.8624253119743734 -0.35722826075363295 -0.044445618641568166
-0.7761622750079418 -0.5186150517191505 -0.044445618641568166
-0.6600717570897733 -0.6600717570897731 -0.044445618641568166
-0.5186150517191507 -0.7761622750079415 -0.044445618641568166
-0.3572282607536336 -0.8624253119743731 -0.044445618641568166
-0.18211338806327032 -0.9155458278553169 -0.044445618641568166
-1.7147794068056774e-16 -0.9334824310157963 -0.044445618641568166
0.18211338806327 -0.915545827855317 -0.044445618641568166
0.3572282607536333 -0.8624253119743732 -0.044445618641568166
0.5186150517191503 -0.7761622750079418 -0.044445618641568166
0.660071757089773 -0.6600717570897733 -0.044445618641568166
0.7761622750079415 -0.5186150517191507 -0.044445618641568166
0.8624253119743731 -0.3572282607536336 -0.044445618641568166
0.9155458278553169 -0.18211338806327038 -0.044445618641568166
0.9434314575050762 0.0 -0.05656854249492381
0.9253036865903446 0.18405434684481053 -0.05656854249492381
0.8716170139162317 0.3610355883592419 -0.05656854249492381
0.7844345882057708 0.524142434684118 -0.05656854249492381
0.6671067811865475 0.6671067811865474 -0.05656854249492381
0.5241424346841181 0.7844345882057708 -0.05656854249492381
0.36103558835924193 0.8716170139162317 -0.05656854249492381
0.1840543468448106 0.9253036865903446 -0.05656854249492381
5.776851573242568e-17 0.9434314575050762 -0.05656854249492381
-0.18405434684481048 0.9253036865903446 -0.05656854249492381
-0.3610355883592418 0.8716170139162317 -0.05656854249492381
-0.5241424346841179 0.7844345882057709 -0.05656854249492381
-0.6671067811865474 0.6671067811865475 -0.05656854249492381
-0.7844345882057709 0.524142434684118 -0.05656854249492381
-0.8716170139162317 0.361035588359242 -0.05656854249492381
-0.9253036865903446 0.18405434684481087 -0.05656854249492381
-0.9434314575050762 1.1553703146485136e-16 -0.05656854249492381
-0.9253036865903446 -0.18405434684481062 -0.05656854249492381
-0.8716170139162318 -0.36103558835924177 -0.05656854249492381
-0.784434588205771 -0.5241424346841179 -0.05656854249492381
-0.6671067811865476 -0.6671067811865474 -0.05656854249492381
-0.524142434684118 -0.7844345882057708 -0.05656854249492381
-0.36103558835924243 -0.8716170139162315 -0.05656854249492381
-0.18405434684481092 -0.9253036865903445 -0.05656854249492381
-1.7330554719727706e-16 -0.9434314575050762 -0.05656854249492381
0.1840543468448106 -0.9253036865903446 -0.05656854249492381
0.3610355883592421 -0.8716170139162316 -0.05656854249492381
0.5241424346841178 -0.784434588205771 -0.05656854249492381
0.6671067811865473 -0.6671067811865476 -0.05656854249492381
0.7844345882057708 -0.524142434684118 -0.05656854249492381
0.8716170139162315 -0.3610355883592425 -0.05656854249492381
0.9253036865903445 -0.18405434684481098 -0.05656854249492381
0.9555543813584318 0.0 -0.06651756898420363
0.937193671861165 0.1864194119631387 -0.06651756898420363
0.8828171351385399 0.36567483046974464 -0.06651756898420363
0.7945144310020937 0.5308775703142058 -0.06651756898420363
0.6756789828510635 0.6756789828510634 -0.06651756898420363
0.5308775703142059 0.7945144310020937 -0.06651756898420363
0.3656748304697447 0.8828171351385399 -0.06651756898420363
0.18641941196313877 0.937193671861165 -0.06651756898420363
5.851083072709164e-17 0.9555543813584318 -0.06651756898420363
-0.18641941196313863 0.937193671861165 -0.06651756898420363
-0.3656748304697446 0.8828171351385399 -0.06651756898420363
-0.5308775703142056 0.7945144310020938 -0.06651756898420363
-0.6756789828510634 0.6756789828510635 -0.06651756898420363
-0.7945144310020938 0.5308775703142058 -0.06651756898420363
-0.8828171351385399 0.36567483046974475 -0.06651756898420363
-0.937193671861165 0.18641941196313902 -0.06651756898420363
-0.9555543813584318 1.1702166145418328e-16 -0.06651756898420363
-0.937193671861165 -0.1864194119631388 -0.06651756898420363
-0.8828171351385399 -0.3656748304697446 -0.06651756898420363
-0.794514431002094 -0.5308775703142056 -0.06651756898420363
-0.6756789828510636 -0.6756789828510634 -0.06651756898420363
-0.5308775703142058 -0.7945144310020937 -0.06651756898420363
-0.3656748304697452 -0.8828171351385397 -0.06651756898420363
-0.18641941196313908 -0.9371936718611649 -0.06651756898420363
-1.755324921812749e-16 -0.9555543813584318 -0.06651756898420363
0.18641941196313874 -0.937193671861165 -0.06651756898420363
0.36567483046974486 -0.8828171351385398 -0.06651756898420363
0.5308775703142055 -0.794514431002094 -0.06651756898420363
0.6756789828510633 -0.6756789828510636 -0.06651756898420363
0.7945144310020937 -0.5308775703142058 -0.06651756898420363
0.8828171351385397 -0.36567483046974525 -0.06651756898420363
0.9371936718611649 -0.18641941196313913 -0.06651756898420363
0.9693853254107928 0.0 -0.07391036260090293
0.9507588582018012 0.18911769529210085 -0.07391036260090293
0.8955952612638248 0.37096770361255166 -0.07391036260090293
0.8060144406910885 0.538561631124257 -0.07391036260090293
0.6854589371806997 0.6854589371806996 -0.07391036260090293
0.5385616311242571 0.8060144406910885 -0.07391036260090293
0.3709677036125517 0.8955952612638248 -0.07391036260090293
0.18911769529210093 0.9507588582018012 -0.07391036260090293
5.935773179523715e-17 0.9693853254107928 -0.07391036260090293
-0.1891176952921008 0.9507588582018012 -0.07391036260090293
-0.3709677036125516 0.8955952612638248 -0.07391036260090293
-0.5385616311242568 0.8060144406910886 -0.07391036260090293
-0.6854589371806996 0.6854589371806997 -0.07391036260090293
-0.8060144406910886 0.538561631124257 -0.07391036260090293
-0.8955952612638248 0.37096770361255177 -0.07391036260090293
-0.9507588582018012 0.18911769529210118 -0.07391036260090293
-0.9693853254107928 1.187154635904743e-16 -0.07391036260090293
-0.9507588582018012 -0.18911769529210096 -0.07391036260090293
-0.8955952612638249 -0.37096770361255155 -0.07391036260090293
-0.8060144406910887 -0.5385616311242568 -0.07391036260090293
-0.6854589371806998 -0.6854589371806996 -0.07391036260090293
-0.538561631124257 -0.8060144406910885 -0.07391036260090293
-0.3709677036125522 -0.8955952612638246 -0.07391036260090293
-0.18911769529210123 -0.9507588582018011 -0.07391036260090293
-1.7807319538571141e-16 -0.9693853254107928 -0.07391036260090293
0.1891176952921009 -0.9507588582018012 -0.07391036260090293
0.3709677036125519 -0.8955952612638247 -0.07391036260090293
0.5385616311242567 -0.8060144406910887 -0.07391036260090293
0.6854589371806995 -0.6854589371806998 -0.07391036260090293
0.8060144406910885 -0.538561631124257 -0.07391036260090293
0.8955952612638246 -0.37096770361255227 -0.07391036260090293
0.9507588582018011 -0.1891176952921013 -0.07391036260090293
0.9843927742387097 0.0 -0.07846282243225844
0.9654779431086269 0.1920455033165797 -0.07846282243225844
0.9094603360711477 0.37671080564106235 -0.07846282243225844
0.818492678349687 0.5468993229666126 -0.07846282243225844
0.6960708060152299 0.6960708060152297 -0.07846282243225844
0.5468993229666127 0.818492678349687 -0.07846282243225844
0.3767108056410624 0.9094603360711477 -0.07846282243225844
0.1920455033165798 0.9654779431086269 -0.07846282243225844
6.027667300376095e-17 0.9843927742387097 -0.07846282243225844
-0.19204550331657966 0.9654779431086269 -0.07846282243225844
-0.3767108056410623 0.9094603360711477 -0.07846282243225844
-0.5468993229666124 0.8184926783496871 -0.07846282243225844
-0.6960708060152297 0.6960708060152299 -0.07846282243225844
-0.8184926783496871 0.5468993229666126 -0.07846282243225844
-0.9094603360711477 0.37671080564106246 -0.07846282243225844
-0.9654779431086269 0.19204550331658007 -0.07846282243225844
-0.9843927742387097 1.205533460075219e-16 -0.07846282243225844
-0.9654779431086269 -0.19204550331657982 -0.07846282243225844
-0.9094603360711478 -0.37671080564106224 -0.07846282243225844
-0.8184926783496872 -0.5468993229666124 -0.07846282243225844
-0.69607080601523 -0.6960708060152297 -0.07846282243225844
-0.5468993229666126 -0.818492678349687 -0.07846282243225844
-0.3767108056410629 -0.9094603360711475 -0.07846282243225844
-0.19204550331658013 -0.9654779431086268 -0.07846282243225844
-1.8083001901128283e-16 -0.9843927742387097 -0.07846282243225844
0.19204550331657977 -0.9654779431086269 -0.07846282243225844
0.3767108056410626 -0.9094603360711476 -0.07846282243225844
0.5468993229666123 -0.8184926783496872 -0.07846282243225844
0.6960708060152296 -0.69607080601523 -0.07846282243225844
0.818492678349687 -0.5468993229666126 -0.07846282243225844
0.9094603360711475 -0.37671080564106296 -0.07846282243225844
0.9654779431086268 -0.19204550331658019 -0.07846282243225844
1.0 0.0 -0.08000000000000002
0.9807852804032304 0.19509032201612825 -0.08000000000000002
0.9238795325112867 0.3826834323650898 -0.08000000000000002
0.8314696123025452 0.5555702330196022 -0.08000000000000002
0.7071067811865476 0.7071067811865475 -0.08000000000000002
0.5555702330196023 0.8314696123025452 -0.08000000000000002
0.38268343236508984 0.9238795325112867 -0.08000000000000002
0.19509032201612833 0.9807852804032304 -0.08000000000000002
6.123233995736766e-17 1.0 -0.08000000000000002
-0.1950903220161282 0.9807852804032304 -0.08000000000000002
-0.3826834323650897 0.9238795325112867 -0.08000000000000002
-0.555570233019602 0.8314696123025453 -0.08000000000000002
-0.7071067811865475 0.7071067811865476 -0.08000000000000002
-0.8314696123025453 0.5555702330196022 -0.08000000000000002
-0.9238795325112867 0.3826834323650899 -0.08000000000000002
-0.9807852804032304 0.1950903220161286 -0.08000000000000002
-1.0 1.2246467991473532e-16 -0.08000000000000002
-0.9807852804032304 -0.19509032201612836 -0.08000000000000002
-0.9238795325112868 -0.38268343236508967 -0.08000000000000002
-0.8314696123025455 -0.555570233019602 -0.08000000000000002
-0.7071067811865477 -0.7071067811865475 -0.08000000000000002
-0.5555702330196022 -0.8314696123025452 -0.08000000000000002
-0.38268343236509034 -0.9238795325112865 -0.08000000000000002
-0.19509032201612866 -0.9807852804032303 -0.08000000000000002
-1.8369701987210297e-16 -1.0 -0.08000000000000002
0.1950903220161283 -0.9807852804032304 -0.08000000000000002
0.38268343236509 -0.9238795325112866 -0.08000000000000002
0.5555702330196018 -0.8314696123025455 -0.08000000000000002
0.7071067811865474 -0.7071067811865477 -0.08000000000000002
0.8314696123025452 -0.5555702330196022 -0.08000000000000002
0.9238795325112865 -0.3826834323650904 -0.08000000000000002
0.9807852804032303 -0.19509032201612872 -0.08000000000000002
1.0156072257612903 0.0 -0.07846282243225845
0.996092617697834 0.19813514071567678 -0.07846282243225845
0.9382987289514257 0.3886560590891172 -0.07846282243225845
0.8444465462554035 0.5642411430725918 -0.07846282243225845
0.7181427563578653 0.7181427563578652 -0.07846282243225845
0.5642411430725919 0.8444465462554035 -0.07846282243225845
0.38865605908911727 0.9382987289514257 -0.07846282243225845
0.19813514071567687 0.996092617697834 -0.07846282243225845
6.218800691097437e-17 1.0156072257612903 -0.07846282243225845
-0.19813514071567673 0.996092617697834 -0.07846282243225845
-0.38865605908911716 0.9382987289514257 -0.07846282243225845
-0.5642411430725915 0.8444465462554036 -0.07846282243225845
-0.7181427563578652 0.7181427563578653 -0.07846282243225845
-0.8444465462554036 0.5642411430725918 -0.07846282243225845
-0.9382987289514257 0.3886560590891173 -0.07846282243225845
-0.996092617697834 0.19813514071567714 -0.07846282243225845
-1.0156072257612903 1.2437601382194874e-16 -0.07846282243225845
-0.996092617697834 -0.1981351407156769 -0.07846282243225845
-0.9382987289514259 -0.3886560590891171 -0.07846282243225845
-0.8444465462554037 -0.5642411430725915 -0.07846282243225845
-0.7181427563578654 -0.7181427563578652 -0.07846282243225845
-0.5642411430725918 -0.8444465462554035 -0.07846282243225845
-0.38865605908911777 -0.9382987289514255 -0.07846282243225845
-0.1981351407156772 -0.9960926176978339 -0.07846282243225845
-1.865640207329231e-16 -1.0156072257612903 -0.07846282243225845
0.19813514071567684 -0.996092617697834 -0.07846282243225845
0.38865605908911743 -0.9382987289514256 -0.07846282243225845
0.5642411430725914 -0.8444465462554037 -0.07846282243225845
0.7181427563578651 -0.7181427563578654 -0.07846282243225845
0.8444465462554035 -0.5642411430725918 -0.07846282243225845
0.9382987289514255 -0.3886560590891178 -0.07846282243225845
0.9960926176978339 -0.19813514071567725 -0.07846282243225845
1.0306146745892073 0.0 -0.07391036260090295
1.0108117026046597 0.20106294874015568 -0.07391036260090295
0.9521638037587488 0.3943991611176279 -0.07391036260090295
0.8569247839140021 0.5725788349149473 -0.07391036260090295
0.7287546251923955 0.7287546251923954 -0.07391036260090295
0.5725788349149474 0.8569247839140021 -0.07391036260090295
0.39439916111762796 0.9521638037587488 -0.07391036260090295
0.20106294874015576 1.0108117026046597 -0.07391036260090295
6.310694811949819e-17 1.0306146745892073 -0.07391036260090295
-0.20106294874015562 1.0108117026046597 -0.07391036260090295
-0.39439916111762785 0.9521638037587488 -0.07391036260090295
-0.5725788349149471 0.8569247839140022 -0.07391036260090295
-0.7287546251923954 0.7287546251923955 -0.07391036260090295
-0.8569247839140022 0.5725788349149473 -0.07391036260090295
-0.9521638037587488 0.394399161117628 -0.07391036260090295
-1.0108117026046597 0.20106294874015604 -0.07391036260090295
-1.0306146745892073 1.2621389623899637e-16 -0.07391036260090295
-1.0108117026046597 -0.2010629487401558 -0.07391036260090295
-0.9521638037587489 -0.3943991611176278 -0.07391036260090295
-0.8569247839140023 -0.5725788349149471 -0.07391036260090295
-0.7287546251923956 -0.7287546251923954 -0.07391036260090295
-0.5725788349149473 -0.8569247839140021 -0.07391036260090295
-0.3943991611176285 -0.9521638037587485 -0.07391036260090295
-0.20106294874015612 -1.0108117026046597 -0.07391036260090295
-1.8932084435849455e-16 -1.0306146745892073 -0.07391036260090295
0.20106294874015573 -1.0108117026046597 -0.07391036260090295
0.3943991611176282 -0.9521638037587487 -0.07391036260090295
0.572578834914947 -0.8569247839140023 -0.07391036260090295
0.7287546251923953 -0.7287546251923956 -0.07391036260090295
0.8569247839140021 -0.5725788349149473 -0.07391036260090295
0.9521638037587485 -0.39439916111762857 -0.07391036260090295
1.0108117026046597 -0.20106294874015618 -0.07391036260090295
1.0444456186415683 0.0 -0.06651756898420365
1.024376888945296 0.20376123206911784 -0.06651756898420365
0.9649419298840337 0.3996920342604349 -0.06651756898420365
0.8684247936029967 0.5802628957249987 -0.06651756898420365
0.7385345795220317 0.7385345795220316 -0.06651756898420365
0.5802628957249988 0.8684247936029967 -0.06651756898420365
0.399692034260435 0.9649419298840337 -0.06651756898420365
0.20376123206911792 1.024376888945296 -0.06651756898420365
6.395384918764368e-17 1.0444456186415683 -0.06651756898420365
-0.20376123206911778 1.024376888945296 -0.06651756898420365
-0.39969203426043487 0.9649419298840337 -0.06651756898420365
-0.5802628957249985 0.8684247936029968 -0.06651756898420365
-0.7385345795220316 0.7385345795220317 -0.06651756898420365
-0.8684247936029968 0.5802628957249987 -0.06651756898420365
-0.9649419298840337 0.39969203426043504 -0.06651756898420365
-1.024376888945296 0.2037612320691182 -0.06651756898420365
-1.0444456186415683 1.2790769837528736e-16 -0.06651756898420365
-1.024376888945296 -0.20376123206911795 -0.06651756898420365
-0.9649419298840338 -0.3996920342604348 -0.06651756898420365
-0.868424793602997 -0.5802628957249985 -0.06651756898420365
-0.7385345795220318 -0.7385345795220316 -0.06651756898420365
-0.5802628957249987 -0.8684247936029967 -0.06651756898420365
-0.39969203426043554 -0.9649419298840335 -0.06651756898420365
-0.20376123206911828 -1.024376888945296 -0.06651756898420365
-1.9186154756293105e-16 -1.0444456186415683 -0.06651756898420365
0.2037612320691179 -1.024376888945296 -0.06651756898420365
0.3996920342604352 -0.9649419298840336 -0.06651756898420365
0.5802628957249982 -0.868424793602997 -0.06651756898420365
0.7385345795220315 -0.7385345795220318 -0.06651756898420365
0.8684247936029967 -0.5802628957249987 -0.06651756898420365
0.9649419298840335 -0.3996920342604356 -0.06651756898420365
1.024376888945296 -0.20376123206911834 -0.06651756898420365
1.0565685424949238 0.0 -0.056568542494923824
1.0362668742161163 0.20612629718744596 -0.056568542494923824
0.9761420511063418 0.4043312763709377 -0.056568542494923824
0.8785046363993196 0.5869980313550863 -0.056568542494923824
0.7471067811865476 0.7471067811865475 -0.056568542494923824
0.5869980313550864 0.8785046363993196 -0.056568542494923824
0.40433127637093774 0.9761420511063418 -0.056568542494923824
0.20612629718744607 1.0362668742161163 -0.056568542494923824
6.469616418230964e-17 1.0565685424949238 -0.056568542494923824
-0.2061262971874459 1.0362668742161163 -0.056568542494923824
-0.40433127637093763 0.9761420511063418 -0.056568542494923824
-0.586998031355086 0.8785046363993197 -0.056568542494923824
-0.7471067811865475 0.7471067811865476 -0.056568542494923824
-0.8785046363993197 0.5869980313550863 -0.056568542494923824
-0.9761420511063418 0.4043312763709378 -0.056568542494923824
-1.0362668742161163 0.20612629718744635 -0.056568542494923824
-1.0565685424949238 1.2939232836461928e-16 -0.056568542494923824
-1.0362668742161163 -0.2061262971874461 -0.056568542494923824
-0.9761420511063419 -0.4043312763709376 -0.056568542494923824
-0.8785046363993199 -0.586998031355086 -0.056568542494923824
-0.7471067811865477 -0.7471067811865475 -0.056568542494923824
-0.5869980313550863 -0.8785046363993196 -0.056568542494923824
-0.40433127637093824 -0.9761420511063416 -0.056568542494923824
-0.2061262971874464 -1.0362668742161163 -0.056568542494923824
-1.9408849254692888e-16 -1.0565685424949238 -0.056568542494923824
0.20612629718744602 -1.0362668742161163 -0.056568542494923824
0.4043312763709379 -0.9761420511063417 -0.056568542494923824
0.5869980313550859 -0.8785046363993199 -0.056568542494923824
0.7471067811865474 -0.7471067811865477 -0.056568542494923824
0.8785046363993196 -0.5869980313550863 -0.056568542494923824
0.9761420511063416 -0.4043312763709383 -0.056568542494923824
1.0362668742161163 -0.20612629718744646 -0.056568542494923824
1.0665175689842037 0.0 -0.04444561864156818
1.0460247329511438 0.20806725596898656 -0.04444561864156818
0.9853337530482001 0.4081386039765465 -0.04444561864156818
0.8867769495971489 0.5925254143200537 -0.04444561864156818
0.754141805283322 0.7541418052833219 -0.04444561864156818
0.5925254143200538 0.8867769495971489 -0.04444561864156818
0.40813860397654655 0.9853337530482001 -0.04444561864156818
0.20806725596898665 1.0460247329511438 -0.04444561864156818
6.530536635454608e-17 1.0665175689842037 -0.04444561864156818
-0.2080672559689865 1.0460247329511438 -0.04444561864156818
-0.40813860397654644 0.9853337530482001 -0.04444561864156818
-0.5925254143200535 0.886776949597149 -0.04444561864156818
-0.7541418052833219 0.754141805283322 -0.04444561864156818
-0.886776949597149 0.5925254143200537 -0.04444561864156818
-0.9853337530482001 0.4081386039765466 -0.04444561864156818
-1.0460247329511438 0.20806725596898695 -0.04444561864156818
-1.0665175689842037 1.3061073270909215e-16 -0.04444561864156818
-1.0460247329511438 -0.2080672559689867 -0.04444561864156818
-0.9853337530482003 -0.4081386039765464 -0.04444561864156818
-0.8867769495971491 -0.5925254143200535 -0.04444561864156818
-0.7541418052833221 -0.7541418052833219 -0.04444561864156818
-0.5925254143200537 -0.8867769495971489 -0.04444561864156818
-0.40813860397654705 -0.9853337530481999 -0.04444561864156818
-0.208067255968987 -1.0460247329511438 -0.04444561864156818
-1.959160990636382e-16 -1.0665175689842037 -0.04444561864156818
0.20806725596898662 -1.0460247329511438 -0.04444561864156818
0.4081386039765467 -0.9853337530482 -0.04444561864156818
0.5925254143200533 -0.8867769495971491 -0.04444561864156818
0.7541418052833218 -0.7541418052833221 -0.04444561864156818
0.8867769495971489 -0.5925254143200537 -0.04444561864156818
0.9853337530481999 -0.40813860397654717 -0.04444561864156818
1.0460247329511438 -0.20806725596898706 -0.04444561864156818
1.073910362600903 0.0 -0.030614674589207237
1.0532754761114616 0.20950951845626722 -0.030614674589207237
0.9921638037587487 0.4109677036125517 -0.030614674589207237
0.8929238328394586 0.5966326303923492 -0.030614674589207237
0.7593692997816027 0.7593692997816026 -0.030614674589207237
0.5966326303923493 0.8929238328394586 -0.030614674589207237
0.41096770361255175 0.9921638037587487 -0.030614674589207237
0.2095095184562673 1.0532754761114616 -0.030614674589207237
6.575804440651847e-17 1.073910362600903 -0.030614674589207237
-0.20950951845626717 1.0532754761114616 -0.030614674589207237
-0.41096770361255164 0.9921638037587487 -0.030614674589207237
-0.5966326303923489 0.8929238328394588 -0.030614674589207237
-0.7593692997816026 0.7593692997816027 -0.030614674589207237
-0.8929238328394588 0.5966326303923492 -0.030614674589207237
-0.9921638037587487 0.4109677036125518 -0.030614674589207237
-1.0532754761114616 0.2095095184562676 -0.030614674589207237
-1.073910362600903 1.3151608881303694e-16 -0.030614674589207237
-1.0532754761114616 -0.20950951845626734 -0.030614674589207237
-0.9921638037587488 -0.4109677036125516 -0.030614674589207237
-0.8929238328394589 -0.5966326303923489 -0.030614674589207237
-0.7593692997816028 -0.7593692997816026 -0.030614674589207237
-0.5966326303923492 -0.8929238328394586 -0.030614674589207237
-0.4109677036125523 -0.9921638037587485 -0.030614674589207237
-0.20950951845626767 -1.0532754761114613 -0.030614674589207237
-1.9727413321955538e-16 -1.073910362600903 -0.030614674589207237
0.20950951845626728 -1.0532754761114616 -0.030614674589207237
0.41096770361255197 -0.9921638037587486 -0.030614674589207237
0.5966326303923488 -0.8929238328394589 -0.030614674589207237
0.7593692997816024 -0.7593692997816028 -0.030614674589207237
0.8929238328394586 -0.5966326303923492 -0.030614674589207237
0.9921638037587485 -0.41096770361255236 -0.030614674589207237
1.0532754761114613 -0.20950951845626772 -0.030614674589207237
1.0784628224322583 0.0 -0.0156072257612903
1.0577404617036819 0.21039765931073182 -0.0156072257612903
0.9963697282195176 0.412709854566519 -0.0156072257612903
0.8967090648504585 0.5991618415616676 -0.0156072257612903
0.7625883749994334 0.7625883749994333 -0.0156072257612903
0.5991618415616677 0.8967090648504585 -0.0156072257612903
0.41270985456651904 0.9963697282195176 -0.0156072257612903
0.2103976593107319 1.0577404617036819 -0.0156072257612903
6.603680217455428e-17 1.0784628224322583 -0.0156072257612903
-0.21039765931073176 1.0577404617036819 -0.0156072257612903
-0.4127098545665189 0.9963697282195176 -0.0156072257612903
-0.5991618415616674 0.8967090648504586 -0.0156072257612903
-0.7625883749994333 0.7625883749994334 -0.0156072257612903
-0.8967090648504586 0.5991618415616676 -0.0156072257612903
-0.9963697282195176 0.4127098545665191 -0.0156072257612903
-1.0577404617036819 0.2103976593107322 -0.0156072257612903
-1.0784628224322583 1.3207360434910856e-16 -0.0156072257612903
-1.0577404617036819 -0.21039765931073193 -0.0156072257612903
-0.9963697282195177 -0.4127098545665188 -0.0156072257612903
-0.8967090648504588 -0.5991618415616674 -0.0156072257612903
-0.7625883749994335 -0.7625883749994333 -0.0156072257612903
-0.5991618415616676 -0.8967090648504585 -0.0156072257612903
-0.41270985456651954 -0.9963697282195174 -0.0156072257612903
-0.21039765931073226 -1.0577404617036816 -0.0156072257612903
-1.981104065236628e-16 -1.0784628224322583 -0.0156072257612903
0.21039765931073187 -1.0577404617036819 -0.0156072257612903
0.4127098545665192 -0.9963697282195175 -0.0156072257612903
0.5991618415616673 -0.8967090648504588 -0.0156072257612903
0.7625883749994331 -0.7625883749994335 -0.0156072257612903
0.8967090648504585 -0.5991618415616676 -0.0156072257612903
0.9963697282195174 -0.4127098545665196 -0.0156072257612903
1.0577404617036816 -0.21039765931073232 -0.0156072257612903
